VERSION 201

frame 0
transform "Object04" 1 0 0 0 1 0 0 0 1 6.9204 -19.6081 281.0762
transform "Object01" 1 0 0 0 1 0 0 0 1 6.9204 -1398.9573 281.0762
transform "Object02" 1 0 0 0 1 0 0 0 1 7.3968 -710.8771 281.0771
transform "Object03" 1 0 0 0 1 0 0 0 1 10.0286 -709.2834 -109.9907
transform "Object05" 1 0 0 0 1 0 0 0 1 10.5507 -710.8152 281.0762
transform "Object06" 1 0 0 0 1 0 0 0 1 13.6258 -707.5611 281.0771
transform "Object07" 1 0 0 0 1 0 0 0 1 6.8332 -707.5281 854.7404
transform "Object050" 1 0 0 0 1 0 0 0 1 4.7446 -702.2573 321.3375
transform "Object08" 1 0 0 0 1 0 0 0 1 33.3306 -707.5281 422.1592
camera 1811.3394 0 450.3817 5.3738 -731.4793 139.9356 0 50

frame 1
transform "Object04" 1 0 0 0 1 0 0 0 1 6.9204 -19.6081 281.0762
transform "Object01" 1 0 0 0 1 0 0 0 1 6.9204 -1398.9573 281.0762
transform "Object02" 1 0 0 0 1 0 0 0 1 7.3968 -710.8771 281.0771
transform "Object03" 1 0 0 0 1 0 0 0 1 10.0286 -709.2834 -109.9907
transform "Object05" 1 0 0 0 1 0 0 0 1 10.5507 -710.8152 281.0762
transform "Object06" 1 0 0 0 1 0 0 0 1 13.6258 -707.5611 281.0771
transform "Object07" 1 0 0 0 1 0 0 0 1 6.8332 -707.5281 854.7404
transform "Object050" 0.9995 0.0279 0.0144 -0.0273 0.9987 -0.0421 -0.0156 0.0417 0.999 4.7446 -702.2573 321.3375
transform "Object08" 1 0 0 0 1 0 0 0 1 33.3306 -707.5281 422.1592
camera 1799.9098 -4.6468 447.6732 5.3738 -731.4073 140.7081 0 50

frame 2
transform "Object04" 1 0 0 0 1 0 0 0 1 6.9204 -19.6081 281.0762
transform "Object01" 1 0 0 0 1 0 0 0 1 6.9204 -1398.9573 281.0762
transform "Object02" 1 0 0 0 1 0 0 0 1 7.3968 -710.8771 281.0771
transform "Object03" 1 0 0 0 1 0 0 0 1 10.0286 -709.2834 -109.9907
transform "Object05" 1 0 0 0 1 0 0 0 1 10.5507 -710.8152 281.0762
transform "Object06" 1 0 0 0 1 0 0 0 1 13.6258 -707.5611 281.0771
transform "Object07" 1 0 0 0 1 0 0 0 1 6.8332 -707.5281 854.7404
transform "Object050" 0.998 0.0564 0.0276 -0.0539 0.995 -0.0844 -0.0322 0.0828 0.996 4.7446 -702.2573 321.3375
transform "Object08" 1 0 0 0 1 0 0 0 1 33.3306 -707.5281 422.1592
camera 1788.4805 -9.2936 444.9651 5.3738 -731.3354 141.4806 0 50

frame 3
transform "Object04" 1 0 0 0 1 0 0 0 1 6.9204 -19.6081 281.0762
transform "Object01" 1 0 0 0 1 0 0 0 1 6.9204 -1398.9573 281.0762
transform "Object02" 1 0 0 0 1 0 0 0 1 7.3968 -710.8771 281.0771
transform "Object03" 1 0 0 0 1 0 0 0 1 10.0286 -709.2834 -109.9907
transform "Object05" 1 0 0 0 1 0 0 0 1 10.5507 -710.8152 281.0762
transform "Object06" 1 0 0 0 1 0 0 0 1 13.6258 -707.5611 281.0771
transform "Object07" 1 0 0 0 1 0 0 0 1 6.8332 -707.5281 854.7404
transform "Object050" 0.9956 0.0853 0.0396 -0.0797 0.9887 -0.127 -0.05 0.1233 0.9911 4.7446 -702.2573 321.3375
transform "Object08" 1 0 0 0 1 0 0 0 1 33.3306 -707.5281 422.1592
camera 1777.0514 -13.94 442.2575 5.3738 -731.2634 142.253 0 50

frame 4
transform "Object04" 1 0 0 0 1 0 0 0 1 6.9204 -19.6081 281.0762
transform "Object01" 1 0 0 0 1 0 0 0 1 6.9204 -1398.9573 281.0762
transform "Object02" 1 0 0 0 1 0 0 0 1 7.3968 -710.8771 281.0771
transform "Object03" 1 0 0 0 1 0 0 0 1 10.0286 -709.2834 -109.9907
transform "Object05" 1 0 0 0 1 0 0 0 1 10.5507 -710.8152 281.0762
transform "Object06" 1 0 0 0 1 0 0 0 1 13.6258 -707.5611 281.0771
transform "Object07" 1 0 0 0 1 0 0 0 1 6.8332 -707.5281 854.7404
transform "Object050" 0.9921 0.1147 0.0503 -0.1047 0.9799 -0.1696 -0.0688 0.163 0.9842 4.7446 -702.2573 321.3375
transform "Object08" 1 0 0 0 1 0 0 0 1 33.3306 -707.5281 422.1592
camera 1765.623 -18.586 439.551 5.3738 -731.1915 143.0254 0 50

frame 5
transform "Object04" 1 0 0 0 1 0 0 0 1 6.9204 -19.6081 281.0762
transform "Object01" 1 0 0 0 1 0 0 0 1 6.9204 -1398.9573 281.0762
transform "Object02" 1 0 0 0 1 0 0 0 1 7.3968 -710.8771 281.0771
transform "Object03" 1 0 0 0 1 0 0 0 1 10.0286 -709.2834 -109.9907
transform "Object05" 1 0 0 0 1 0 0 0 1 10.5507 -710.8152 281.0762
transform "Object06" 1 0 0 0 1 0 0 0 1 13.6258 -707.5611 281.0771
transform "Object07" 1 0 0 0 1 0 0 0 1 6.8332 -707.5281 854.7404
transform "Object050" 0.9877 0.1443 0.0598 -0.1287 0.9687 -0.2122 -0.0885 0.2019 0.9754 4.7446 -702.2573 321.3375
transform "Object08" 1 0 0 0 1 0 0 0 1 33.3306 -707.5281 422.1592
camera 1754.1951 -23.2314 436.8458 5.3738 -731.1195 143.7977 0 50

frame 6
transform "Object04" 1 0 0 0 1 0 0 0 1 6.9204 -19.6081 281.0762
transform "Object01" 1 0 0 0 1 0 0 0 1 6.9204 -1398.9573 281.0762
transform "Object02" 1 0 0 0 1 0 0 0 1 7.3968 -710.8771 281.0771
transform "Object03" 1 0 0 0 1 0 0 0 1 10.0286 -709.2834 -109.9907
transform "Object05" 1 0 0 0 1 0 0 0 1 10.5507 -710.8152 281.0762
transform "Object06" 1 0 0 0 1 0 0 0 1 13.6258 -707.5611 281.0771
transform "Object07" 1 0 0 0 1 0 0 0 1 6.8332 -707.5281 854.7404
transform "Object050" 0.9824 0.1742 0.0679 -0.1518 0.9551 -0.2546 -0.1092 0.2398 0.9647 4.7446 -702.2573 321.3375
transform "Object08" 1 0 0 0 1 0 0 0 1 33.3306 -707.5281 422.1592
camera 1742.7681 -27.8761 434.1421 5.3738 -731.0475 144.57 0 50

frame 7
transform "Object04" 1 0 0 0 1 0 0 0 1 6.9204 -19.6081 281.0762
transform "Object01" 1 0 0 0 1 0 0 0 1 6.9204 -1398.9573 281.0762
transform "Object02" 1 0 0 0 1 0 0 0 1 7.3968 -710.8771 281.0771
transform "Object03" 1 0 0 0 1 0 0 0 1 10.0286 -709.2834 -109.9907
transform "Object05" 1 0 0 0 1 0 0 0 1 10.5507 -710.8152 281.0762
transform "Object06" 1 0 0 0 1 0 0 0 1 13.6258 -707.5611 281.0771
transform "Object07" 1 0 0 0 1 0 0 0 1 6.8332 -707.5281 854.7404
transform "Object050" 0.9761 0.2043 0.0746 -0.1738 0.939 -0.2967 -0.1307 0.2766 0.9521 4.7446 -702.2573 321.3375
transform "Object08" 1 0 0 0 1 0 0 0 1 33.3306 -707.5281 422.1592
camera 1731.342 -32.5199 431.4403 5.3738 -730.9755 145.3421 0 50

frame 8
transform "Object04" 1 0 0 0 1 0 0 0 1 6.9204 -19.6081 281.0762
transform "Object01" 1 0 0 0 1 0 0 0 1 6.9204 -1398.9573 281.0762
transform "Object02" 1 0 0 0 1 0 0 0 1 7.3968 -710.8771 281.0771
transform "Object03" 1 0 0 0 1 0 0 0 1 10.0286 -709.2834 -109.9907
transform "Object05" 1 0 0 0 1 0 0 0 1 10.5507 -710.8152 281.0762
transform "Object06" 1 0 0 0 1 0 0 0 1 13.6258 -707.5611 281.0771
transform "Object07" 1 0 0 0 1 0 0 0 1 6.8332 -707.5281 854.7404
transform "Object050" 0.9689 0.2344 0.08 -0.1947 0.9206 -0.3384 -0.153 0.3123 0.9376 4.7446 -702.2573 321.3375
transform "Object08" 1 0 0 0 1 0 0 0 1 33.3306 -707.5281 422.1592
camera 1719.9171 -37.1627 428.7408 5.3738 -730.9035 146.1141 0 50

frame 9
transform "Object04" 1 0 0 0 1 0 0 0 1 6.9204 -19.6081 281.0762
transform "Object01" 1 0 0 0 1 0 0 0 1 6.9204 -1398.9573 281.0762
transform "Object02" 1 0 0 0 1 0 0 0 1 7.3968 -710.8771 281.0771
transform "Object03" 1 0 0 0 1 0 0 0 1 10.0286 -709.2834 -109.9907
transform "Object05" 1 0 0 0 1 0 0 0 1 10.5507 -710.8152 281.0762
transform "Object06" 1 0 0 0 1 0 0 0 1 13.6258 -707.5611 281.0771
transform "Object07" 1 0 0 0 1 0 0 0 1 6.8332 -707.5281 854.7404
transform "Object050" 0.9607 0.2644 0.084 -0.2145 0.8999 -0.3796 -0.176 0.3466 0.9213 4.7446 -702.2573 321.3375
transform "Object08" 1 0 0 0 1 0 0 0 1 33.3306 -707.5281 422.1592
camera 1708.4935 -41.8044 426.0438 5.3738 -730.8315 146.886 0 50

frame 10
transform "Object04" 1 0 0 0 1 0 0 0 1 6.9204 -19.6081 281.0762
transform "Object01" 1 0 0 0 1 0 0 0 1 6.9204 -1398.9573 281.0762
transform "Object02" 1 0 0 0 1 0 0 0 1 7.3968 -710.8771 281.0771
transform "Object03" 1 0 0 0 1 0 0 0 1 10.0286 -709.2834 -109.9907
transform "Object05" 1 0 0 0 1 0 0 0 1 10.5507 -710.8152 281.0762
transform "Object06" 1 0 0 0 1 0 0 0 1 13.6258 -707.5611 281.0771
transform "Object07" 1 0 0 0 1 0 0 0 1 6.8332 -707.5281 854.7404
transform "Object050" 0.9517 0.2944 0.0867 -0.2331 0.877 -0.4202 -0.1997 0.3797 0.9033 4.7446 -702.2573 321.3375
transform "Object08" 1 0 0 0 1 0 0 0 1 33.3306 -707.5281 422.1592
camera 1697.0714 -46.4447 423.3497 5.3738 -730.7595 147.6577 0 50

frame 11
transform "Object04" 1 0 0 0 1 0 0 0 1 6.9204 -19.6081 281.0762
transform "Object01" 1 0 0 0 1 0 0 0 1 6.9204 -1398.9573 281.0762
transform "Object02" 1 0 0 0 1 0 0 0 1 7.3968 -710.8771 281.0771
transform "Object03" 1 0 0 0 1 0 0 0 1 10.0286 -709.2834 -109.9907
transform "Object05" 1 0 0 0 1 0 0 0 1 10.5507 -710.8152 281.0762
transform "Object06" 1 0 0 0 1 0 0 0 1 13.6258 -707.5611 281.0771
transform "Object07" 1 0 0 0 1 0 0 0 1 6.8332 -707.5281 854.7404
transform "Object050" 0.9419 0.3242 0.0879 -0.2503 0.8519 -0.46 -0.2241 0.4112 0.8836 4.7446 -702.2573 321.3375
transform "Object08" 1 0 0 0 1 0 0 0 1 33.3306 -707.5281 422.1592
camera 1685.6509 -51.0837 420.6588 5.3738 -730.6874 148.4292 0 50

frame 12
transform "Object04" 1 0 0 0 1 0 0 0 1 6.9204 -19.6081 281.0762
transform "Object01" 1 0 0 0 1 0 0 0 1 6.9204 -1398.9573 281.0762
transform "Object02" 1 0 0 0 1 0 0 0 1 7.3968 -710.8771 281.0771
transform "Object03" 1 0 0 0 1 0 0 0 1 10.0286 -709.2834 -109.9907
transform "Object05" 1 0 0 0 1 0 0 0 1 10.5507 -710.8152 281.0762
transform "Object06" 1 0 0 0 1 0 0 0 1 13.6258 -707.5611 281.0771
transform "Object07" 1 0 0 0 1 0 0 0 1 6.8332 -707.5281 854.7404
transform "Object050" 0.9312 0.3538 0.0878 -0.2663 0.8247 -0.499 -0.2489 0.4413 0.8622 4.7446 -702.2573 321.3375
transform "Object08" 1 0 0 0 1 0 0 0 1 33.3306 -707.5281 422.1592
camera 1674.2323 -55.721 417.9714 5.3738 -730.6155 149.2006 0 50

frame 13
transform "Object04" 1 0 0 0 1 0 0 0 1 6.9204 -19.6081 281.0762
transform "Object01" 1 0 0 0 1 0 0 0 1 6.9204 -1398.9573 281.0762
transform "Object02" 1 0 0 0 1 0 0 0 1 7.3968 -710.8771 281.0771
transform "Object03" 1 0 0 0 1 0 0 0 1 10.0286 -709.2834 -109.9907
transform "Object05" 1 0 0 0 1 0 0 0 1 10.5507 -710.8152 281.0762
transform "Object06" 1 0 0 0 1 0 0 0 1 13.6258 -707.5611 281.0771
transform "Object07" 1 0 0 0 1 0 0 0 1 6.8332 -707.5281 854.7404
transform "Object050" 0.9197 0.383 0.0862 -0.2809 0.7954 -0.537 -0.2743 0.4697 0.8392 4.7446 -702.2573 321.3375
transform "Object08" 1 0 0 0 1 0 0 0 1 33.3306 -707.5281 422.1592
camera 1662.8156 -60.3567 415.2879 5.3738 -730.5434 149.9717 0 50

frame 14
transform "Object04" 1 0 0 0 1 0 0 0 1 6.9204 -19.6081 281.0762
transform "Object01" 1 0 0 0 1 0 0 0 1 6.9204 -1398.9573 281.0762
transform "Object02" 1 0 0 0 1 0 0 0 1 7.3968 -710.8771 281.0771
transform "Object03" 1 0 0 0 1 0 0 0 1 10.0286 -709.2834 -109.9907
transform "Object05" 1 0 0 0 1 0 0 0 1 10.5507 -710.8152 281.0762
transform "Object06" 1 0 0 0 1 0 0 0 1 13.6258 -707.5611 281.0771
transform "Object07" 1 0 0 0 1 0 0 0 1 6.8332 -707.5281 854.7404
transform "Object050" 0.9075 0.4118 0.0833 -0.2941 0.7642 -0.574 -0.3 0.4964 0.8146 4.7446 -702.2573 321.3375
transform "Object08" 1 0 0 0 1 0 0 0 1 33.3306 -707.5281 422.1592
camera 1651.4011 -64.9904 412.6085 5.3738 -730.4713 150.7426 0 50

frame 15
transform "Object04" 1 0 0 0 1 0 0 0 1 6.9204 -19.6081 281.0762
transform "Object01" 1 0 0 0 1 0 0 0 1 6.9204 -1398.9573 281.0762
transform "Object02" 1 0 0 0 1 0 0 0 1 7.3968 -710.8771 281.0771
transform "Object03" 1 0 0 0 1 0 0 0 1 10.0286 -709.2834 -109.9907
transform "Object05" 1 0 0 0 1 0 0 0 1 10.5507 -710.8152 281.0762
transform "Object06" 1 0 0 0 1 0 0 0 1 13.6258 -707.5611 281.0771
transform "Object07" 1 0 0 0 1 0 0 0 1 6.8332 -707.5281 854.7404
transform "Object050" 0.8945 0.4401 0.0789 -0.3059 0.7311 -0.6098 -0.3261 0.5213 0.7886 4.7446 -702.2573 321.3375
transform "Object08" 1 0 0 0 1 0 0 0 1 33.3306 -707.5281 422.1592
camera 1639.9889 -69.6222 409.9335 5.3738 -730.3992 151.5133 0 50

frame 16
transform "Object04" 1 0 0 0 1 0 0 0 1 6.9204 -19.6081 281.0762
transform "Object01" 1 0 0 0 1 0 0 0 1 6.9204 -1398.9573 281.0762
transform "Object02" 1 0 0 0 1 0 0 0 1 7.3968 -710.8771 281.0771
transform "Object03" 1 0 0 0 1 0 0 0 1 10.0286 -709.2834 -109.9907
transform "Object05" 1 0 0 0 1 0 0 0 1 10.5507 -710.8152 281.0762
transform "Object06" 1 0 0 0 1 0 0 0 1 13.6258 -707.5611 281.0771
transform "Object07" 1 0 0 0 1 0 0 0 1 6.8332 -707.5281 854.7404
transform "Object050" 0.8808 0.4678 0.0732 -0.3162 0.6963 -0.6444 -0.3524 0.5444 0.7612 4.7446 -702.2573 321.3375
transform "Object08" 1 0 0 0 1 0 0 0 1 33.3306 -707.5281 422.1592
camera 1628.5791 -74.2517 407.2634 5.3738 -730.3271 152.2837 0 50

frame 17
transform "Object04" 1 0 0 0 1 0 0 0 1 6.9204 -19.6081 281.0762
transform "Object01" 1 0 0 0 1 0 0 0 1 6.9204 -1398.9573 281.0762
transform "Object02" 1 0 0 0 1 0 0 0 1 7.3968 -710.8771 281.0771
transform "Object03" 1 0 0 0 1 0 0 0 1 10.0286 -709.2834 -109.9907
transform "Object05" 1 0 0 0 1 0 0 0 1 10.5507 -710.8152 281.0762
transform "Object06" 1 0 0 0 1 0 0 0 1 13.6258 -707.5611 281.0771
transform "Object07" 1 0 0 0 1 0 0 0 1 6.8332 -707.5281 854.7404
transform "Object050" 0.8665 0.4949 0.0662 -0.325 0.6597 -0.6776 -0.379 0.5656 0.7325 4.7446 -702.2573 321.3375
transform "Object08" 1 0 0 0 1 0 0 0 1 33.3306 -707.5281 422.1592
camera 1617.172 -78.879 404.5983 5.3738 -730.2551 153.0538 0 50

frame 18
transform "Object04" 1 0 0 0 1 0 0 0 1 6.9204 -19.6081 281.0762
transform "Object01" 1 0 0 0 1 0 0 0 1 6.9204 -1398.9573 281.0762
transform "Object02" 1 0 0 0 1 0 0 0 1 7.3968 -710.8771 281.0771
transform "Object03" 1 0 0 0 1 0 0 0 1 10.0286 -709.2834 -109.9907
transform "Object05" 1 0 0 0 1 0 0 0 1 10.5507 -710.8152 281.0762
transform "Object06" 1 0 0 0 1 0 0 0 1 13.6258 -707.5611 281.0771
transform "Object07" 1 0 0 0 1 0 0 0 1 6.8332 -707.5281 854.7404
transform "Object050" 0.8515 0.5212 0.0578 -0.3323 0.6216 -0.7094 -0.4056 0.5848 0.7025 4.7446 -702.2573 321.3375
transform "Object08" 1 0 0 0 1 0 0 0 1 33.3306 -707.5281 422.1592
camera 1605.7677 -83.5039 401.9387 5.3738 -730.1829 153.8236 0 50

frame 19
transform "Object04" 1 0 0 0 1 0 0 0 1 6.9204 -19.6081 281.0762
transform "Object01" 1 0 0 0 1 0 0 0 1 6.9204 -1398.9573 281.0762
transform "Object02" 1 0 0 0 1 0 0 0 1 7.3968 -710.8771 281.0771
transform "Object03" 1 0 0 0 1 0 0 0 1 10.0286 -709.2834 -109.9907
transform "Object05" 1 0 0 0 1 0 0 0 1 10.5507 -710.8152 281.0762
transform "Object06" 1 0 0 0 1 0 0 0 1 13.6258 -707.5611 281.0771
transform "Object07" 1 0 0 0 1 0 0 0 1 6.8332 -707.5281 854.7404
transform "Object050" 0.8359 0.5467 0.0481 -0.3381 0.582 -0.7396 -0.4323 0.602 0.6713 4.7446 -702.2573 321.3375
transform "Object08" 1 0 0 0 1 0 0 0 1 33.3306 -707.5281 422.1592
camera 1594.3663 -88.1261 399.2848 5.3738 -730.1108 154.5931 0 50

frame 20
transform "Object04" 1 0 0 0 1 0 0 0 1 6.9204 -19.6081 281.0762
transform "Object01" 1 0 0 0 1 0 0 0 1 6.9204 -1398.9573 281.0762
transform "Object02" 1 0 0 0 1 0 0 0 1 7.3968 -710.8771 281.0771
transform "Object03" 1 0 0 0 1 0 0 0 1 10.0286 -709.2834 -109.9907
transform "Object05" 1 0 0 0 1 0 0 0 1 10.5507 -710.8152 281.0762
transform "Object06" 1 0 0 0 1 0 0 0 1 13.6258 -707.5611 281.0771
transform "Object07" 1 0 0 0 1 0 0 0 1 6.8332 -707.5281 854.7404
transform "Object050" 0.8199 0.5714 0.0371 -0.3423 0.541 -0.7682 -0.459 0.6171 0.6391 4.7446 -702.2573 321.3375
transform "Object08" 1 0 0 0 1 0 0 0 1 33.3306 -707.5281 422.1592
camera 1582.9681 -92.7456 396.637 5.3738 -730.0386 155.3623 0 50

frame 21
transform "Object04" 1 0 0 0 1 0 0 0 1 6.9204 -19.6081 281.0762
transform "Object01" 1 0 0 0 1 0 0 0 1 6.9204 -1398.9573 281.0762
transform "Object02" 1 0 0 0 1 0 0 0 1 7.3968 -710.8771 281.0771
transform "Object03" 1 0 0 0 1 0 0 0 1 10.0286 -709.2834 -109.9907
transform "Object05" 1 0 0 0 1 0 0 0 1 10.5507 -710.8152 281.0762
transform "Object06" 1 0 0 0 1 0 0 0 1 13.6258 -707.5611 281.0771
transform "Object07" 1 0 0 0 1 0 0 0 1 6.8332 -707.5281 854.7404
transform "Object050" 0.8033 0.5951 0.0248 -0.3449 0.4988 -0.7951 -0.4856 0.6302 0.6059 4.7446 -702.2573 321.3375
transform "Object08" 1 0 0 0 1 0 0 0 1 33.3306 -707.5281 422.1592
camera 1571.5731 -97.3622 393.9955 5.3738 -729.9664 156.1311 0 50

frame 22
transform "Object04" 1 0 0 0 1 0 0 0 1 6.9204 -19.6081 281.0762
transform "Object01" 1 0 0 0 1 0 0 0 1 6.9204 -1398.9573 281.0762
transform "Object02" 1 0 0 0 1 0 0 0 1 7.3968 -710.8771 281.0771
transform "Object03" 1 0 0 0 1 0 0 0 1 10.0286 -709.2834 -109.9907
transform "Object05" 1 0 0 0 1 0 0 0 1 10.5507 -710.8152 281.0762
transform "Object06" 1 0 0 0 1 0 0 0 1 13.6258 -707.5611 281.0771
transform "Object07" 1 0 0 0 1 0 0 0 1 6.8332 -707.5281 854.7404
transform "Object050" 0.7863 0.6178 0.0113 -0.346 0.4554 -0.8203 -0.5119 0.6411 0.5718 4.7446 -702.2573 321.3375
transform "Object08" 1 0 0 0 1 0 0 0 1 33.3306 -707.5281 422.1592
camera 1560.1816 -101.9759 391.3608 5.3738 -729.8942 156.8996 0 50

frame 23
transform "Object04" 1 0 0 0 1 0 0 0 1 6.9204 -19.6081 281.0762
transform "Object01" 1 0 0 0 1 0 0 0 1 6.9204 -1398.9573 281.0762
transform "Object02" 1 0 0 0 1 0 0 0 1 7.3968 -710.8771 281.0771
transform "Object03" 1 0 0 0 1 0 0 0 1 10.0286 -709.2834 -109.9907
transform "Object05" 1 0 0 0 1 0 0 0 1 10.5507 -710.8152 281.0762
transform "Object06" 1 0 0 0 1 0 0 0 1 13.6258 -707.5611 281.0771
transform "Object07" 1 0 0 0 1 0 0 0 1 6.8332 -707.5281 854.7404
transform "Object050" 0.7688 0.6394 -0.0033 -0.3455 0.411 -0.8436 -0.5381 0.6498 0.5369 4.7446 -702.2573 321.3375
transform "Object08" 1 0 0 0 1 0 0 0 1 33.3306 -707.5281 422.1592
camera 1548.7938 -106.5863 388.7331 5.3738 -729.822 157.6676 0 50

frame 24
transform "Object04" 1 0 0 0 1 0 0 0 1 6.9204 -19.6081 281.0762
transform "Object01" 1 0 0 0 1 0 0 0 1 6.9204 -1398.9573 281.0762
transform "Object02" 1 0 0 0 1 0 0 0 1 7.3968 -710.8771 281.0771
transform "Object03" 1 0 0 0 1 0 0 0 1 10.0286 -709.2834 -109.9907
transform "Object05" 1 0 0 0 1 0 0 0 1 10.5507 -710.8152 281.0762
transform "Object06" 1 0 0 0 1 0 0 0 1 13.6258 -707.5611 281.0771
transform "Object07" 1 0 0 0 1 0 0 0 1 6.8332 -707.5281 854.7404
transform "Object050" 0.7511 0.66 -0.0191 -0.3434 0.3657 -0.8651 -0.5639 0.6563 0.5013 4.7446 -702.2573 321.3375
transform "Object08" 1 0 0 0 1 0 0 0 1 33.3306 -707.5281 422.1592
camera 1537.4097 -111.1934 386.1127 5.3738 -729.7498 158.4353 0 50

frame 25
transform "Object04" 1 0 0 0 1 0 0 0 1 6.9204 -19.6081 281.0762
transform "Object01" 1 0 0 0 1 0 0 0 1 6.9204 -1398.9573 281.0762
transform "Object02" 1 0 0 0 1 0 0 0 1 7.3968 -710.8771 281.0771
transform "Object03" 1 0 0 0 1 0 0 0 1 10.0286 -709.2834 -109.9907
transform "Object05" 1 0 0 0 1 0 0 0 1 10.5507 -710.8152 281.0762
transform "Object06" 1 0 0 0 1 0 0 0 1 13.6258 -707.5611 281.0771
transform "Object07" 1 0 0 0 1 0 0 0 1 6.8332 -707.5281 854.7404
transform "Object050" 0.733 0.6793 -0.0361 -0.3397 0.3196 -0.8846 -0.5894 0.6606 0.465 4.7446 -702.2573 321.3375
transform "Object08" 1 0 0 0 1 0 0 0 1 33.3306 -707.5281 422.1592
camera 1526.0295 -115.7971 383.5 5.3738 -729.6775 159.2025 0 50

frame 26
transform "Object04" 1 0 0 0 1 0 0 0 1 6.9204 -19.6081 281.0762
transform "Object01" 1 0 0 0 1 0 0 0 1 6.9204 -1398.9573 281.0762
transform "Object02" 1 0 0 0 1 0 0 0 1 7.3968 -710.8771 281.0771
transform "Object03" 1 0 0 0 1 0 0 0 1 10.0286 -709.2834 -109.9907
transform "Object05" 1 0 0 0 1 0 0 0 1 10.5507 -710.8152 281.0762
transform "Object06" 1 0 0 0 1 0 0 0 1 13.6258 -707.5611 281.0771
transform "Object07" 1 0 0 0 1 0 0 0 1 6.8332 -707.5281 854.7404
transform "Object050" 0.7146 0.6974 -0.054 -0.3345 0.2729 -0.902 -0.6143 0.6627 0.4283 4.7446 -702.2573 321.3375
transform "Object08" 1 0 0 0 1 0 0 0 1 33.3306 -707.5281 422.1592
camera 1514.6537 -120.3972 380.8953 5.3738 -729.6052 159.9693 0 50

frame 27
transform "Object04" 1 0 0 0 1 0 0 0 1 6.9204 -19.6081 281.0762
transform "Object01" 1 0 0 0 1 0 0 0 1 6.9204 -1398.9573 281.0762
transform "Object02" 1 0 0 0 1 0 0 0 1 7.3968 -710.8771 281.0771
transform "Object03" 1 0 0 0 1 0 0 0 1 10.0286 -709.2834 -109.9907
transform "Object05" 1 0 0 0 1 0 0 0 1 10.5507 -710.8152 281.0762
transform "Object06" 1 0 0 0 1 0 0 0 1 13.6258 -707.5611 281.0771
transform "Object07" 1 0 0 0 1 0 0 0 1 6.8332 -707.5281 854.7404
transform "Object050" 0.6961 0.7142 -0.073 -0.3278 0.2256 -0.9174 -0.6388 0.6625 0.3912 4.7446 -702.2573 321.3375
transform "Object08" 1 0 0 0 1 0 0 0 1 33.3306 -707.5281 422.1592
camera 1503.2819 -124.9935 378.2989 5.3738 -729.5328 160.7357 0 50

frame 28
transform "Object04" 1 0 0 0 1 0 0 0 1 6.9204 -19.6081 281.0762
transform "Object01" 1 0 0 0 1 0 0 0 1 6.9204 -1398.9573 281.0762
transform "Object02" 1 0 0 0 1 0 0 0 1 7.3968 -710.8771 281.0771
transform "Object03" 1 0 0 0 1 0 0 0 1 10.0286 -709.2834 -109.9907
transform "Object05" 1 0 0 0 1 0 0 0 1 10.5507 -710.8152 281.0762
transform "Object06" 1 0 0 0 1 0 0 0 1 13.6258 -707.5611 281.0771
transform "Object07" 1 0 0 0 1 0 0 0 1 6.8332 -707.5281 854.7404
transform "Object050" 0.6774 0.7297 -0.093 -0.3195 0.178 -0.9307 -0.6626 0.6602 0.3537 4.7446 -702.2573 321.3375
transform "Object08" 1 0 0 0 1 0 0 0 1 33.3306 -707.5281 422.1592
camera 1491.9146 -129.586 375.7111 5.3738 -729.4604 161.5016 0 50

frame 29
transform "Object04" 1 0 0 0 1 0 0 0 1 6.9204 -19.6081 281.0762
transform "Object01" 1 0 0 0 1 0 0 0 1 6.9204 -1398.9573 281.0762
transform "Object02" 1 0 0 0 1 0 0 0 1 7.3968 -710.8771 281.0771
transform "Object03" 1 0 0 0 1 0 0 0 1 10.0286 -709.2834 -109.9907
transform "Object05" 1 0 0 0 1 0 0 0 1 10.5507 -710.8152 281.0762
transform "Object06" 1 0 0 0 1 0 0 0 1 13.6258 -707.5611 281.0771
transform "Object07" 1 0 0 0 1 0 0 0 1 6.8332 -707.5281 854.7404
transform "Object050" 0.6586 0.7439 -0.1138 -0.3097 0.1301 -0.9419 -0.6858 0.6556 0.316 4.7446 -702.2573 321.3375
transform "Object08" 1 0 0 0 1 0 0 0 1 33.3306 -707.5281 422.1592
camera 1480.5519 -134.1744 373.1322 5.3738 -729.3881 162.2669 0 50

frame 30
transform "Object04" 1 0 0 0 1 0 0 0 1 6.9204 -19.6081 281.0762
transform "Object01" 1 0 0 0 1 0 0 0 1 6.9204 -1398.9573 281.0762
transform "Object02" 1 0 0 0 1 0 0 0 1 7.3968 -710.8771 281.0771
transform "Object03" 1 0 0 0 1 0 0 0 1 10.0286 -709.2834 -109.9907
transform "Object05" 1 0 0 0 1 0 0 0 1 10.5507 -710.8152 281.0762
transform "Object06" 1 0 0 0 1 0 0 0 1 13.6258 -707.5611 281.0771
transform "Object07" 1 0 0 0 1 0 0 0 1 6.8332 -707.5281 854.7404
transform "Object050" 0.6397 0.7566 -0.1355 -0.2984 0.082 -0.9509 -0.7083 0.6488 0.2782 4.7446 -702.2573 321.3375
transform "Object08" 1 0 0 0 1 0 0 0 1 33.3306 -707.5281 422.1592
camera 1469.1941 -138.7587 370.5625 5.3738 -729.3157 163.0318 0 50

frame 31
transform "Object04" 1 0 0 0 1 0 0 0 1 6.9204 -19.6081 281.0762
transform "Object01" 1 0 0 0 1 0 0 0 1 6.9204 -1398.9573 281.0762
transform "Object02" 1 0 0 0 1 0 0 0 1 7.3968 -710.8771 281.0771
transform "Object03" 1 0 0 0 1 0 0 0 1 10.0286 -709.2834 -109.9907
transform "Object05" 1 0 0 0 1 0 0 0 1 10.5507 -710.8152 281.0762
transform "Object06" 1 0 0 0 1 0 0 0 1 13.6258 -707.5611 281.0771
transform "Object07" 1 0 0 0 1 0 0 0 1 6.8332 -707.5281 854.7404
transform "Object050" 0.6209 0.7678 -0.158 -0.2857 0.034 -0.9577 -0.73 0.6398 0.2405 4.7446 -702.2573 321.3375
transform "Object08" 1 0 0 0 1 0 0 0 1 33.3306 -707.5281 422.1592
camera 1457.8412 -143.3386 368.0025 5.3738 -729.2432 163.7961 0 50

frame 32
transform "Object04" 1 0 0 0 1 0 0 0 1 6.9204 -19.6081 281.0762
transform "Object01" 1 0 0 0 1 0 0 0 1 6.9204 -1398.9573 281.0762
transform "Object02" 1 0 0 0 1 0 0 0 1 7.3968 -710.8771 281.0771
transform "Object03" 1 0 0 0 1 0 0 0 1 10.0286 -709.2834 -109.9907
transform "Object05" 1 0 0 0 1 0 0 0 1 10.5507 -710.8152 281.0762
transform "Object06" 1 0 0 0 1 0 0 0 1 13.6258 -707.5611 281.0771
transform "Object07" 1 0 0 0 1 0 0 0 1 6.8332 -707.5281 854.7404
transform "Object050" 0.6021 0.7776 -0.1812 -0.2716 -0.0139 -0.9623 -0.7508 0.6286 0.2028 4.7446 -702.2573 321.3375
transform "Object08" 1 0 0 0 1 0 0 0 1 33.3306 -707.5281 422.1592
camera 1446.4932 -147.9141 365.4523 5.3738 -729.1707 164.56 0 50

frame 33
transform "Object04" 1 0 0 0 1 0 0 0 1 6.9204 -19.6081 281.0762
transform "Object01" 1 0 0 0 1 0 0 0 1 6.9204 -1398.9573 281.0762
transform "Object02" 1 0 0 0 1 0 0 0 1 7.3968 -710.8771 281.0771
transform "Object03" 1 0 0 0 1 0 0 0 1 10.0286 -709.2834 -109.9907
transform "Object05" 1 0 0 0 1 0 0 0 1 10.5507 -710.8152 281.0762
transform "Object06" 1 0 0 0 1 0 0 0 1 13.6258 -707.5611 281.0771
transform "Object07" 1 0 0 0 1 0 0 0 1 6.8332 -707.5281 854.7404
transform "Object050" 0.5834 0.7859 -0.205 -0.2561 -0.0616 -0.9647 -0.7708 0.6153 0.1653 4.7446 -702.2573 321.3375
transform "Object08" 1 0 0 0 1 0 0 0 1 33.3306 -707.5281 422.1592
camera 1435.1506 -152.485 362.9124 5.3738 -729.0982 165.3232 0 50

frame 34
transform "Object04" 1 0 0 0 1 0 0 0 1 6.9204 -19.6081 281.0762
transform "Object01" 1 0 0 0 1 0 0 0 1 6.9204 -1398.9573 281.0762
transform "Object02" 1 0 0 0 1 0 0 0 1 7.3968 -710.8771 281.0771
transform "Object03" 1 0 0 0 1 0 0 0 1 10.0286 -709.2834 -109.9907
transform "Object05" 1 0 0 0 1 0 0 0 1 10.5507 -710.8152 281.0762
transform "Object06" 1 0 0 0 1 0 0 0 1 13.6258 -707.5611 281.0771
transform "Object07" 1 0 0 0 1 0 0 0 1 6.8332 -707.5281 854.7404
transform "Object050" 0.5648 0.7927 -0.2295 -0.2393 -0.1088 -0.9648 -0.7898 0.5999 0.1282 4.7446 -702.2573 321.3375
transform "Object08" 1 0 0 0 1 0 0 0 1 33.3306 -707.5281 422.1592
camera 1423.8135 -157.0511 360.383 5.3738 -729.0257 166.0858 0 50

frame 35
transform "Object04" 1 0 0 0 1 0 0 0 1 6.9204 -19.6081 281.0762
transform "Object01" 1 0 0 0 1 0 0 0 1 6.9204 -1398.9573 281.0762
transform "Object02" 1 0 0 0 1 0 0 0 1 7.3968 -710.8771 281.0771
transform "Object03" 1 0 0 0 1 0 0 0 1 10.0286 -709.2834 -109.9907
transform "Object05" 1 0 0 0 1 0 0 0 1 10.5507 -710.8152 281.0762
transform "Object06" 1 0 0 0 1 0 0 0 1 13.6258 -707.5611 281.0771
transform "Object07" 1 0 0 0 1 0 0 0 1 6.8332 -707.5281 854.7404
transform "Object050" 0.5465 0.7979 -0.2545 -0.2212 -0.1556 -0.9628 -0.8077 0.5824 0.0914 4.7446 -702.2573 321.3375
transform "Object08" 1 0 0 0 1 0 0 0 1 33.3306 -707.5281 422.1592
camera 1412.4818 -161.6123 357.8644 5.3738 -728.9531 166.8479 0 50

frame 36
transform "Object04" 1 0 0 0 1 0 0 0 1 6.9204 -19.6081 281.0762
transform "Object01" 1 0 0 0 1 0 0 0 1 6.9204 -1398.9573 281.0762
transform "Object02" 1 0 0 0 1 0 0 0 1 7.3968 -710.8771 281.0771
transform "Object03" 1 0 0 0 1 0 0 0 1 10.0286 -709.2834 -109.9907
transform "Object05" 1 0 0 0 1 0 0 0 1 10.5507 -710.8152 281.0762
transform "Object06" 1 0 0 0 1 0 0 0 1 13.6258 -707.5611 281.0771
transform "Object07" 1 0 0 0 1 0 0 0 1 6.8332 -707.5281 854.7404
transform "Object050" 0.5284 0.8015 -0.2799 -0.2018 -0.2016 -0.9584 -0.8247 0.5629 0.0552 4.7446 -702.2573 321.3375
transform "Object08" 1 0 0 0 1 0 0 0 1 33.3306 -707.5281 422.1592
camera 1401.156 -166.1685 355.357 5.3738 -728.8805 167.6094 0 50

frame 37
transform "Object04" 1 0 0 0 1 0 0 0 1 6.9204 -19.6081 281.0762
transform "Object01" 1 0 0 0 1 0 0 0 1 6.9204 -1398.9573 281.0762
transform "Object02" 1 0 0 0 1 0 0 0 1 7.3968 -710.8771 281.0771
transform "Object03" 1 0 0 0 1 0 0 0 1 10.0286 -709.2834 -109.9907
transform "Object05" 1 0 0 0 1 0 0 0 1 10.5507 -710.8152 281.0762
transform "Object06" 1 0 0 0 1 0 0 0 1 13.6258 -707.5611 281.0771
transform "Object07" 1 0 0 0 1 0 0 0 1 6.8332 -707.5281 854.7404
transform "Object050" 0.5106 0.8036 -0.3057 -0.1813 -0.2469 -0.9519 -0.8405 0.5415 0.0196 4.7446 -702.2573 321.3375
transform "Object08" 1 0 0 0 1 0 0 0 1 33.3306 -707.5281 422.1592
camera 1389.8362 -170.7195 352.8611 5.3738 -728.8078 168.3702 0 50

frame 38
transform "Object04" 1 0 0 0 1 0 0 0 1 6.9204 -19.6081 281.0762
transform "Object01" 1 0 0 0 1 0 0 0 1 6.9204 -1398.9573 281.0762
transform "Object02" 1 0 0 0 1 0 0 0 1 7.3968 -710.8771 281.0771
transform "Object03" 1 0 0 0 1 0 0 0 1 10.0286 -709.2834 -109.9907
transform "Object05" 1 0 0 0 1 0 0 0 1 10.5507 -710.8152 281.0762
transform "Object06" 1 0 0 0 1 0 0 0 1 13.6258 -707.5611 281.0771
transform "Object07" 1 0 0 0 1 0 0 0 1 6.8332 -707.5281 854.7404
transform "Object050" 0.4932 0.8041 -0.3319 -0.1596 -0.2913 -0.9432 -0.8551 0.5182 -0.0153 4.7446 -702.2573 321.3375
transform "Object08" 1 0 0 0 1 0 0 0 1 33.3306 -707.5281 422.1592
camera 1378.5225 -175.2652 350.377 5.3738 -728.7351 169.1304 0 50

frame 39
transform "Object04" 1 0 0 0 1 0 0 0 1 6.9204 -19.6081 281.0762
transform "Object01" 1 0 0 0 1 0 0 0 1 6.9204 -1398.9573 281.0762
transform "Object02" 1 0 0 0 1 0 0 0 1 7.3968 -710.8771 281.0771
transform "Object03" 1 0 0 0 1 0 0 0 1 10.0286 -709.2834 -109.9907
transform "Object05" 1 0 0 0 1 0 0 0 1 10.5507 -710.8152 281.0762
transform "Object06" 1 0 0 0 1 0 0 0 1 13.6258 -707.5611 281.0771
transform "Object07" 1 0 0 0 1 0 0 0 1 6.8332 -707.5281 854.7404
transform "Object050" 0.4762 0.8031 -0.3583 -0.1369 -0.3347 -0.9323 -0.8686 0.493 -0.0494 4.7446 -702.2573 321.3375
transform "Object08" 1 0 0 0 1 0 0 0 1 33.3306 -707.5281 422.1592
camera 1367.215 -179.8055 347.9051 5.3738 -728.6624 169.8898 0 50

frame 40
transform "Object04" 1 0 0 0 1 0 0 0 1 6.9204 -19.6081 281.0762
transform "Object01" 1 0 0 0 1 0 0 0 1 6.9204 -1398.9573 281.0762
transform "Object02" 1 0 0 0 1 0 0 0 1 7.3968 -710.8771 281.0771
transform "Object03" 1 0 0 0 1 0 0 0 1 10.0286 -709.2834 -109.9907
transform "Object05" 1 0 0 0 1 0 0 0 1 10.5507 -710.8152 281.0762
transform "Object06" 1 0 0 0 1 0 0 0 1 13.6258 -707.5611 281.0771
transform "Object07" 1 0 0 0 1 0 0 0 1 6.8332 -707.5281 854.7404
transform "Object050" 0.4596 0.8004 -0.3848 -0.1132 -0.377 -0.9193 -0.8809 0.4661 -0.0826 4.7446 -702.2573 321.3375
transform "Object08" 1 0 0 0 1 0 0 0 1 33.3306 -707.5281 422.1592
camera 1355.9138 -184.3401 345.4456 5.3738 -728.5895 170.6487 0 50

frame 41
transform "Object04" 1 0 0 0 1 0 0 0 1 6.9204 -19.6081 281.0762
transform "Object01" 1 0 0 0 1 0 0 0 1 6.9204 -1398.9573 281.0762
transform "Object02" 1 0 0 0 1 0 0 0 1 7.3968 -710.8771 281.0771
transform "Object03" 1 0 0 0 1 0 0 0 1 10.0286 -709.2834 -109.9907
transform "Object05" 1 0 0 0 1 0 0 0 1 10.5507 -710.8152 281.0762
transform "Object06" 1 0 0 0 1 0 0 0 1 13.6258 -707.5611 281.0771
transform "Object07" 1 0 0 0 1 0 0 0 1 6.8332 -707.5281 854.7404
transform "Object050" 0.4435 0.7962 -0.4115 -0.0886 -0.4179 -0.9042 -0.8919 0.4374 -0.1148 4.7446 -702.2573 321.3375
transform "Object08" 1 0 0 0 1 0 0 0 1 33.3306 -707.5281 422.1592
camera 1344.6193 -188.8689 342.9988 5.3738 -728.5167 171.4068 0 50

frame 42
transform "Object04" 1 0 0 0 1 0 0 0 1 6.9204 -19.6081 281.0762
transform "Object01" 1 0 0 0 1 0 0 0 1 6.9204 -1398.9573 281.0762
transform "Object02" 1 0 0 0 1 0 0 0 1 7.3968 -710.8771 281.0771
transform "Object03" 1 0 0 0 1 0 0 0 1 10.0286 -709.2834 -109.9907
transform "Object05" 1 0 0 0 1 0 0 0 1 10.5507 -710.8152 281.0762
transform "Object06" 1 0 0 0 1 0 0 0 1 13.6258 -707.5611 281.0771
transform "Object07" 1 0 0 0 1 0 0 0 1 6.8332 -707.5281 854.7404
transform "Object050" 0.428 0.7905 -0.4382 -0.063 -0.4575 -0.887 -0.9016 0.4072 -0.146 4.7446 -702.2573 321.3375
transform "Object08" 1 0 0 0 1 0 0 0 1 33.3306 -707.5281 422.1592
camera 1333.3314 -193.3919 340.5651 5.3738 -728.4438 172.1642 0 50

frame 43
transform "Object04" 1 0 0 0 1 0 0 0 1 6.9204 -19.6081 281.0762
transform "Object01" 1 0 0 0 1 0 0 0 1 6.9204 -1398.9573 281.0762
transform "Object02" 1 0 0 0 1 0 0 0 1 7.3968 -710.8771 281.0771
transform "Object03" 1 0 0 0 1 0 0 0 1 10.0286 -709.2834 -109.9907
transform "Object05" 1 0 0 0 1 0 0 0 1 10.5507 -710.8152 281.0762
transform "Object06" 1 0 0 0 1 0 0 0 1 13.6258 -707.5611 281.0771
transform "Object07" 1 0 0 0 1 0 0 0 1 6.8332 -707.5281 854.7404
transform "Object050" 0.413 0.7832 -0.4648 -0.0367 -0.4957 -0.8677 -0.91 0.3754 -0.176 4.7446 -702.2573 321.3375
transform "Object08" 1 0 0 0 1 0 0 0 1 33.3306 -707.5281 422.1592
camera 1322.0507 -197.9088 338.1449 5.3738 -728.371 172.9209 0 50

frame 44
transform "Object04" 1 0 0 0 1 0 0 0 1 6.9204 -19.6081 281.0762
transform "Object01" 1 0 0 0 1 0 0 0 1 6.9204 -1398.9573 281.0762
transform "Object02" 1 0 0 0 1 0 0 0 1 7.3968 -710.8771 281.0771
transform "Object03" 1 0 0 0 1 0 0 0 1 10.0286 -709.2834 -109.9907
transform "Object05" 1 0 0 0 1 0 0 0 1 10.5507 -710.8152 281.0762
transform "Object06" 1 0 0 0 1 0 0 0 1 13.6258 -707.5611 281.0771
transform "Object07" 1 0 0 0 1 0 0 0 1 6.8332 -707.5281 854.7404
transform "Object050" 0.3987 0.7744 -0.4914 -0.0096 -0.5322 -0.8466 -0.917 0.3422 -0.2047 4.7446 -702.2573 321.3375
transform "Object08" 1 0 0 0 1 0 0 0 1 33.3306 -707.5281 422.1592
camera 1310.7769 -202.4195 335.7383 5.3738 -728.298 173.6768 0 50

frame 45
transform "Object04" 1 0 0 0 1 0 0 0 1 6.9204 -19.6081 281.0762
transform "Object01" 1 0 0 0 1 0 0 0 1 6.9204 -1398.9573 281.0762
transform "Object02" 1 0 0 0 1 0 0 0 1 7.3968 -710.8771 281.0771
transform "Object03" 1 0 0 0 1 0 0 0 1 10.0286 -709.2834 -109.9907
transform "Object05" 1 0 0 0 1 0 0 0 1 10.5507 -710.8152 281.0762
transform "Object06" 1 0 0 0 1 0 0 0 1 13.6258 -707.5611 281.0771
transform "Object07" 1 0 0 0 1 0 0 0 1 6.8332 -707.5281 854.7404
transform "Object050" 0.385 0.764 -0.5177 0.0181 -0.5671 -0.8235 -0.9228 0.3077 -0.2321 4.7446 -702.2573 321.3375
transform "Object08" 1 0 0 0 1 0 0 0 1 33.3306 -707.5281 422.1592
camera 1299.5103 -206.9239 333.3459 5.3738 -728.225 174.4319 0 50

frame 46
transform "Object04" 1 0 0 0 1 0 0 0 1 6.9204 -19.6081 281.0762
transform "Object01" 1 0 0 0 1 0 0 0 1 6.9204 -1398.9573 281.0762
transform "Object02" 1 0 0 0 1 0 0 0 1 7.3968 -710.8771 281.0771
transform "Object03" 1 0 0 0 1 0 0 0 1 10.0286 -709.2834 -109.9907
transform "Object05" 1 0 0 0 1 0 0 0 1 10.5507 -710.8152 281.0762
transform "Object06" 1 0 0 0 1 0 0 0 1 13.6258 -707.5611 281.0771
transform "Object07" 1 0 0 0 1 0 0 0 1 6.8332 -707.5281 854.7404
transform "Object050" 0.372 0.7523 -0.5438 0.0464 -0.6002 -0.7985 -0.9271 0.2718 -0.2581 4.7446 -702.2573 321.3375
transform "Object08" 1 0 0 0 1 0 0 0 1 33.3306 -707.5281 422.1592
camera 1288.2512 -211.4219 330.9677 5.3738 -728.152 175.1862 0 50

frame 47
transform "Object04" 1 0 0 0 1 0 0 0 1 6.9204 -19.6081 281.0762
transform "Object01" 1 0 0 0 1 0 0 0 1 6.9204 -1398.9573 281.0762
transform "Object02" 1 0 0 0 1 0 0 0 1 7.3968 -710.8771 281.0771
transform "Object03" 1 0 0 0 1 0 0 0 1 10.0286 -709.2834 -109.9907
transform "Object05" 1 0 0 0 1 0 0 0 1 10.5507 -710.8152 281.0762
transform "Object06" 1 0 0 0 1 0 0 0 1 13.6258 -707.5611 281.0771
transform "Object07" 1 0 0 0 1 0 0 0 1 6.8332 -707.5281 854.7404
transform "Object050" 0.3597 0.7391 -0.5695 0.0751 -0.6314 -0.7718 -0.93 0.2349 -0.2827 4.7446 -702.2573 321.3375
transform "Object08" 1 0 0 0 1 0 0 0 1 33.3306 -707.5281 422.1592
camera 1276.9996 -215.9132 328.6043 5.3738 -728.0789 175.9398 0 50

frame 48
transform "Object04" 1 0 0 0 1 0 0 0 1 6.9204 -19.6081 281.0762
transform "Object01" 1 0 0 0 1 0 0 0 1 6.9204 -1398.9573 281.0762
transform "Object02" 1 0 0 0 1 0 0 0 1 7.3968 -710.8771 281.0771
transform "Object03" 1 0 0 0 1 0 0 0 1 10.0286 -709.2834 -109.9907
transform "Object05" 1 0 0 0 1 0 0 0 1 10.5507 -710.8152 281.0762
transform "Object06" 1 0 0 0 1 0 0 0 1 13.6258 -707.5611 281.0771
transform "Object07" 1 0 0 0 1 0 0 0 1 6.8332 -707.5281 854.7404
transform "Object050" 0.3483 0.7245 -0.5949 0.1043 -0.6606 -0.7434 -0.9316 0.1968 -0.3057 4.7446 -702.2573 321.3375
transform "Object08" 1 0 0 0 1 0 0 0 1 33.3306 -707.5281 422.1592
camera 1265.7559 -220.3977 326.2558 5.3738 -728.0057 176.6925 0 50

frame 49
transform "Object04" 1 0 0 0 1 0 0 0 1 6.9204 -19.6081 281.0762
transform "Object01" 1 0 0 0 1 0 0 0 1 6.9204 -1398.9573 281.0762
transform "Object02" 1 0 0 0 1 0 0 0 1 7.3968 -710.8771 281.0771
transform "Object03" 1 0 0 0 1 0 0 0 1 10.0286 -709.2834 -109.9907
transform "Object05" 1 0 0 0 1 0 0 0 1 10.5507 -710.8152 281.0762
transform "Object06" 1 0 0 0 1 0 0 0 1 13.6258 -707.5611 281.0771
transform "Object07" 1 0 0 0 1 0 0 0 1 6.8332 -707.5281 854.7404
transform "Object050" 0.3376 0.7085 -0.6198 0.1339 -0.6878 -0.7134 -0.9317 0.1578 -0.3271 4.7446 -702.2573 321.3375
transform "Object08" 1 0 0 0 1 0 0 0 1 33.3306 -707.5281 422.1592
camera 1254.5199 -224.8753 323.9227 5.3738 -727.9326 177.4444 0 50

frame 50
transform "Object04" 1 0 0 0 1 0 0 0 1 6.9204 -19.6081 281.0762
transform "Object01" 1 0 0 0 1 0 0 0 1 6.9204 -1398.9573 281.0762
transform "Object02" 1 0 0 0 1 0 0 0 1 7.3968 -710.8771 281.0771
transform "Object03" 1 0 0 0 1 0 0 0 1 10.0286 -709.2834 -109.9907
transform "Object05" 1 0 0 0 1 0 0 0 1 10.5507 -710.8152 281.0762
transform "Object06" 1 0 0 0 1 0 0 0 1 13.6258 -707.5611 281.0771
transform "Object07" 1 0 0 0 1 0 0 0 1 6.8332 -707.5281 854.7404
transform "Object050" 0.3277 0.6912 -0.6441 0.1637 -0.713 -0.6818 -0.9305 0.118 -0.3468 4.7446 -702.2573 321.3375
transform "Object08" 1 0 0 0 1 0 0 0 1 33.3306 -707.5281 422.1592
camera 1243.2921 -229.3459 321.6052 5.3738 -727.8593 178.1954 0 50

frame 51
transform "Object04" 1 0 0 0 1 0 0 0 1 6.9204 -19.6081 281.0762
transform "Object01" 1 0 0 0 1 0 0 0 1 6.9204 -1398.9573 281.0762
transform "Object02" 1 0 0 0 1 0 0 0 1 7.3968 -710.8771 281.0771
transform "Object03" 1 0 0 0 1 0 0 0 1 10.0286 -709.2834 -109.9907
transform "Object05" 1 0 0 0 1 0 0 0 1 10.5507 -710.8152 281.0762
transform "Object06" 1 0 0 0 1 0 0 0 1 13.6258 -707.5611 281.0771
transform "Object07" 1 0 0 0 1 0 0 0 1 6.8332 -707.5281 854.7404
transform "Object050" 0.3187 0.6727 -0.6678 0.1937 -0.7359 -0.6488 -0.9278 0.0774 -0.3648 4.7446 -702.2573 321.3375
transform "Object08" 1 0 0 0 1 0 0 0 1 33.3306 -707.5281 422.1592
camera 1232.0725 -233.8093 319.3037 5.3738 -727.786 178.9455 0 50

frame 52
transform "Object04" 1 0 0 0 1 0 0 0 1 6.9204 -19.6081 281.0762
transform "Object01" 1 0 0 0 1 0 0 0 1 6.9204 -1398.9573 281.0762
transform "Object02" 1 0 0 0 1 0 0 0 1 7.3968 -710.8771 281.0771
transform "Object03" 1 0 0 0 1 0 0 0 1 10.0286 -709.2834 -109.9907
transform "Object05" 1 0 0 0 1 0 0 0 1 10.5507 -710.8152 281.0762
transform "Object06" 1 0 0 0 1 0 0 0 1 13.6258 -707.5611 281.0771
transform "Object07" 1 0 0 0 1 0 0 0 1 6.8332 -707.5281 854.7404
transform "Object050" 0.3106 0.6529 -0.6908 0.2238 -0.7566 -0.6144 -0.9238 0.0362 -0.3811 4.7446 -702.2573 321.3375
transform "Object08" 1 0 0 0 1 0 0 0 1 33.3306 -707.5281 422.1592
camera 1220.8612 -238.2654 317.0184 5.3738 -727.7126 179.6947 0 50

frame 53
transform "Object04" 1 0 0 0 1 0 0 0 1 6.9204 -19.6081 281.0762
transform "Object01" 1 0 0 0 1 0 0 0 1 6.9204 -1398.9573 281.0762
transform "Object02" 1 0 0 0 1 0 0 0 1 7.3968 -710.8771 281.0771
transform "Object03" 1 0 0 0 1 0 0 0 1 10.0286 -709.2834 -109.9907
transform "Object05" 1 0 0 0 1 0 0 0 1 10.5507 -710.8152 281.0762
transform "Object06" 1 0 0 0 1 0 0 0 1 13.6258 -707.5611 281.0771
transform "Object07" 1 0 0 0 1 0 0 0 1 6.8332 -707.5281 854.7404
transform "Object050" 0.3034 0.632 -0.7131 0.2539 -0.775 -0.5788 -0.9184 -0.0055 -0.3956 4.7446 -702.2573 321.3375
transform "Object08" 1 0 0 0 1 0 0 0 1 33.3306 -707.5281 422.1592
camera 1209.6586 -242.7139 314.7498 5.3738 -727.6392 180.4431 0 50

frame 54
transform "Object04" 1 0 0 0 1 0 0 0 1 6.9204 -19.6081 281.0762
transform "Object01" 1 0 0 0 1 0 0 0 1 6.9204 -1398.9573 281.0762
transform "Object02" 1 0 0 0 1 0 0 0 1 7.3968 -710.8771 281.0771
transform "Object03" 1 0 0 0 1 0 0 0 1 10.0286 -709.2834 -109.9907
transform "Object05" 1 0 0 0 1 0 0 0 1 10.5507 -710.8152 281.0762
transform "Object06" 1 0 0 0 1 0 0 0 1 13.6258 -707.5611 281.0771
transform "Object07" 1 0 0 0 1 0 0 0 1 6.8332 -707.5281 854.7404
transform "Object050" 0.2971 0.6099 -0.7347 0.2839 -0.791 -0.5419 -0.9117 -0.0476 -0.4082 4.7446 -702.2573 321.3375
transform "Object08" 1 0 0 0 1 0 0 0 1 33.3306 -707.5281 422.1592
camera 1198.4646 -247.1548 312.498 5.3738 -727.5658 181.1905 0 50

frame 55
