VERSION 201

frame 0
transform "Object08" 1 0 0 0 1 0 0 0 1 -526.2075 -0.8739 -491.5057
transform "Object09" 1 0 0 0 1 0 0 0 1 517.2784 9.4128 -492.265
transform "Object10" 1 0 0 0 1 0 0 0 1 5.1565 499.5681 -497.3869
transform "Object11" 1 0 0 0 1 0 0 0 1 3.107 -508.6422 -497.3867
transform "EYE01" 1 0 0 0 1 0 0 0 1 7.7089 11.188 -370.3881
transform "ring" 1 0 0 0 1 0 0 0 1 -2.9716 -2.9926 12.0546
transform "poddasze" 1 0 0 0 1 0 0 0 1 2.6853 -2.9939 725.3818
transform "kula" 1 0 0 0 1 0 0 0 1 -2.9716 -2.9938 0
transform "kolumna4" 1 0 0 0 1 0 0 0 1 183.3725 -0.2535 863.2123
transform "kolumna2" 1 0 0 0 1 0 0 0 1 -175.6138 -0.2535 863.2114
transform "kolumna3" 1 0 0 0 1 0 0 0 1 -0.2312 175.129 863.2123
transform "kolumna1" 1 0 0 0 1 0 0 0 1 -0.2312 -183.8572 863.2115
transform "dach" 1 0 0 0 1 0 0 0 1 -2.9716 -2.9938 986.1847
transform "podst1" 1 0 0 0 1 0 0 0 1 2.9716 -2.9939 599.4422
transform "podst2" 1 0 0 0 1 0 0 0 1 4.4648 -4.4983 -853.6163
transform "cosik" 1 0 0 0 1 0 0 0 1 -108.3861 -214.8219 265.2348
transform "cosik2" 1 0 0 0 1 0 0 0 1 45.7715 331.5227 6.5787
transform "torusek" 1 0 0 0 1 0 0 0 1 9.36 -1.3702 849.6469
camera -767.299 -1493.7458 613.8391 0 -2.9938 -438.4565 0 50

frame 1
transform "Object08" 1 0 0 0 1 0 0 0 1 -526.2075 -0.8739 -491.5057
transform "Object09" 1 0 0 0 1 0 0 0 1 517.2784 9.4128 -492.265
transform "Object10" 1 0 0 0 1 0 0 0 1 5.1565 499.5681 -497.3869
transform "Object11" 1 0 0 0 1 0 0 0 1 3.107 -508.6422 -497.3867
transform "EYE01" 1 0.0032 -0.0027 -0.0032 0.9999 0.0161 0.0028 -0.0161 0.9999 7.7089 11.188 -370.3881
transform "ring" 1 0 0 0 1 0 0 0 1 -2.9716 -2.9926 12.0546
transform "poddasze" 1 0 0 0 1 0 0 0 1 2.6853 -2.9939 725.3818
transform "kula" 1 0 0 0 1 0 0 0 1 -2.9716 -2.9938 0
transform "kolumna4" 1 0 0 0 1 0 0 0 1 183.3725 -0.2535 863.2123
transform "kolumna2" 1 0 0 0 1 0 0 0 1 -175.6138 -0.2535 863.2114
transform "kolumna3" 1 0 0 0 1 0 0 0 1 -0.2312 175.129 863.2123
transform "kolumna1" 1 0 0 0 1 0 0 0 1 -0.2312 -183.8572 863.2115
transform "dach" 1 0 0 0 1 0 0 0 1 -2.9716 -2.9938 986.1847
transform "podst1" 1 0 0 0 1 0 0 0 1 2.9716 -2.9939 599.4422
transform "podst2" 1 0 0 0 1 0 0 0 1 4.4648 -4.4983 -853.6163
transform "cosik" 1 0.0018 0.0012 -0.0018 1 -0.0008 -0.0012 0.0008 1 -107.3728 -216.5244 265.4405
transform "cosik2" 1 0.0024 0.0042 -0.0024 1 0.0076 -0.0041 -0.0076 1 39.6313 333.269 -3.6367
transform "torusek" 0.9997 0.013 -0.0189 -0.0131 0.9999 -0.0027 0.0188 0.0029 0.9998 9.36 -1.3702 850.2639
camera -768.2412 -1498.8224 602.8588 0 -2.9938 -436.794 0 50

frame 2
transform "Object08" 1 0 0 0 1 0 0 0 1 -526.2075 -0.8739 -491.5057
transform "Object09" 1 0 0 0 1 0 0 0 1 517.2784 9.4128 -492.265
transform "Object10" 1 0 0 0 1 0 0 0 1 5.1565 499.5681 -497.3869
transform "Object11" 1 0 0 0 1 0 0 0 1 3.107 -508.6422 -497.3867
transform "EYE01" 1 0.0064 -0.0055 -0.0062 0.9995 0.0322 0.0057 -0.0322 0.9995 7.7089 11.188 -370.3881
transform "ring" 1 0 0 0 1 0 0 0 1 -2.9716 -2.9926 12.0546
transform "poddasze" 1 0 0 0 1 0 0 0 1 2.6853 -2.9939 725.3818
transform "kula" 1 0 0 0 1 0 0 0 1 -2.9716 -2.9938 0
transform "kolumna4" 1 0 0 0 1 0 0 0 1 183.3725 -0.2535 863.2123
transform "kolumna2" 1 0 0 0 1 0 0 0 1 -175.6138 -0.2535 863.2114
transform "kolumna3" 1 0 0 0 1 0 0 0 1 -0.2312 175.129 863.2123
transform "kolumna1" 1 0 0 0 1 0 0 0 1 -0.2312 -183.8572 863.2115
transform "dach" 1 0 0 0 1 0 0 0 1 -2.9716 -2.9938 986.1847
transform "podst1" 1 0 0 0 1 0 0 0 1 2.9716 -2.9939 599.4422
transform "podst2" 1 0 0 0 1 0 0 0 1 4.4648 -4.4983 -853.6163
transform "cosik" 1 0.0036 0.0024 -0.0036 1 -0.0016 -0.0024 0.0015 1 -106.3596 -218.2263 265.6458
transform "cosik2" 1 0.0048 0.0085 -0.0049 0.9999 0.0152 -0.0085 -0.0153 0.9998 33.4912 335.0153 -13.8514
transform "torusek" 0.9989 0.0261 -0.0379 -0.0263 0.9996 -0.0055 0.0377 0.0064 0.9993 9.36 -1.3702 850.8812
camera -769.1831 -1503.8972 591.8796 0 -2.9938 -435.1315 0 50

frame 3
transform "Object08" 1 0 0 0 1 0 0 0 1 -526.2075 -0.8739 -491.5057
transform "Object09" 1 0 0 0 1 0 0 0 1 517.2784 9.4128 -492.265
transform "Object10" 1 0 0 0 1 0 0 0 1 5.1565 499.5681 -497.3869
transform "Object11" 1 0 0 0 1 0 0 0 1 3.107 -508.6422 -497.3867
transform "EYE01" 0.9999 0.0095 -0.0082 -0.009 0.9988 0.0482 0.0087 -0.0481 0.9988 7.7089 11.188 -370.3881
transform "ring" 1 0 0 0 1 0 0 0 1 -2.9716 -2.9926 12.0546
transform "poddasze" 1 0 0 0 1 0 0 0 1 2.6853 -2.9939 725.3818
transform "kula" 1 0 0 0 1 0 0 0 1 -2.9716 -2.9938 0
transform "kolumna4" 1 0 0 0 1 0 0 0 1 183.3725 -0.2535 863.2123
transform "kolumna2" 1 0 0 0 1 0 0 0 1 -175.6138 -0.2535 863.2114
transform "kolumna3" 1 0 0 0 1 0 0 0 1 -0.2312 175.129 863.2123
transform "kolumna1" 1 0 0 0 1 0 0 0 1 -0.2312 -183.8572 863.2115
transform "dach" 1 0 0 0 1 0 0 0 1 -2.9716 -2.9938 986.1847
transform "podst1" 1 0 0 0 1 0 0 0 1 2.9716 -2.9939 599.4422
transform "podst2" 1 0 0 0 1 0 0 0 1 4.4648 -4.4983 -853.6163
transform "cosik" 1 0.0054 0.0035 -0.0053 1 -0.0023 -0.0035 0.0023 1 -105.3466 -219.9271 265.8506
transform "cosik2" 0.9999 0.0072 0.0131 -0.0075 0.9997 0.0229 -0.0129 -0.023 0.9997 27.3511 336.7615 -24.0649
transform "torusek" 0.9976 0.0392 -0.0569 -0.0398 0.9992 -0.0083 0.0565 0.0106 0.9983 9.36 -1.3702 851.499
camera -770.1241 -1508.9688 580.9024 0 -2.9938 -433.469 0 50

frame 4
transform "Object08" 1 0 0 0 1 0 0 0 1 -526.2075 -0.8739 -491.5057
transform "Object09" 1 0 0 0 1 0 0 0 1 517.2784 9.4128 -492.265
transform "Object10" 1 0 0 0 1 0 0 0 1 5.1565 499.5681 -497.3869
transform "Object11" 1 0 0 0 1 0 0 0 1 3.107 -508.6422 -497.3867
transform "EYE01" 0.9999 0.0125 -0.011 -0.0117 0.9979 0.0641 0.0118 -0.064 0.9979 7.7089 11.188 -370.3881
transform "ring" 1 0 0 0 1 0 0 0 1 -2.9716 -2.9926 12.0546
transform "poddasze" 1 0 0 0 1 0 0 0 1 2.6853 -2.9939 725.3818
transform "kula" 1 0 0 0 1 0 0 0 1 -2.9716 -2.9938 0
transform "kolumna4" 1 0 0 0 1 0 0 0 1 183.3725 -0.2535 863.2123
transform "kolumna2" 1 0 0 0 1 0 0 0 1 -175.6138 -0.2535 863.2114
transform "kolumna3" 1 0 0 0 1 0 0 0 1 -0.2312 175.129 863.2123
transform "kolumna1" 1 0 0 0 1 0 0 0 1 -0.2312 -183.8572 863.2115
transform "dach" 1 0 0 0 1 0 0 0 1 -2.9716 -2.9938 986.1847
transform "podst1" 1 0 0 0 1 0 0 0 1 2.9716 -2.9939 599.4422
transform "podst2" 1 0 0 0 1 0 0 0 1 4.4648 -4.4983 -853.6163
transform "cosik" 1 0.0071 0.0047 -0.0071 1 -0.0031 -0.0047 0.0031 1 -104.334 -221.6263 266.0546
transform "cosik2" 0.9998 0.0097 0.0179 -0.0102 0.9995 0.0305 -0.0176 -0.0307 0.9994 21.211 338.5077 -34.2766
transform "torusek" 0.9957 0.0524 -0.076 -0.0534 0.9985 -0.0113 0.0753 0.0153 0.997 9.36 -1.3702 852.1174
camera -771.0637 -1514.0353 569.9283 0 -2.9938 -431.8064 0 50

frame 5
transform "Object08" 1 0 0 0 1 0 0 0 1 -526.2075 -0.8739 -491.5057
transform "Object09" 1 0 0 0 1 0 0 0 1 517.2784 9.4128 -492.265
transform "Object10" 1 0 0 0 1 0 0 0 1 5.1565 499.5681 -497.3869
transform "Object11" 1 0 0 0 1 0 0 0 1 3.107 -508.6422 -497.3867
transform "EYE01" 0.9998 0.0154 -0.0138 -0.0143 0.9967 0.0799 0.015 -0.0797 0.9967 7.7089 11.188 -370.3881
transform "ring" 1 0 0 0 1 0 0 0 1 -2.9716 -2.9926 12.0546
transform "poddasze" 1 0 0 0 1 0 0 0 1 2.6853 -2.9939 725.3818
transform "kula" 1 0 0 0 1 0 0 0 1 -2.9716 -2.9938 0
transform "kolumna4" 1 0 0 0 1 0 0 0 1 183.3725 -0.2535 863.2123
transform "kolumna2" 1 0 0 0 1 0 0 0 1 -175.6138 -0.2535 863.2114
transform "kolumna3" 1 0 0 0 1 0 0 0 1 -0.2312 175.129 863.2123
transform "kolumna1" 1 0 0 0 1 0 0 0 1 -0.2312 -183.8572 863.2115
transform "dach" 1 0 0 0 1 0 0 0 1 -2.9716 -2.9938 986.1847
transform "podst1" 1 0 0 0 1 0 0 0 1 2.9716 -2.9939 599.4422
transform "podst2" 1 0 0 0 1 0 0 0 1 4.4648 -4.4983 -853.6163
transform "cosik" 0.9999 0.0089 0.0059 -0.0089 1 -0.0039 -0.0059 0.0038 1 -103.3219 -223.3233 266.2575
transform "cosik2" 0.9997 0.0121 0.0228 -0.0129 0.9992 0.0382 -0.0223 -0.0385 0.999 15.0709 340.2538 -44.4859
transform "torusek" 0.9933 0.0655 -0.0953 -0.0672 0.9976 -0.0142 0.0941 0.0205 0.9954 9.36 -1.3702 852.7367
camera -772.0015 -1519.095 558.9585 0 -2.9938 -430.1439 0 50

frame 6
transform "Object08" 1 0 0 0 1 0 0 0 1 -526.2075 -0.8739 -491.5057
transform "Object09" 1 0 0 0 1 0 0 0 1 517.2784 9.4128 -492.265
transform "Object10" 1 0 0 0 1 0 0 0 1 5.1565 499.5681 -497.3869
transform "Object11" 1 0 0 0 1 0 0 0 1 3.107 -508.6422 -497.3867
transform "EYE01" 0.9997 0.0183 -0.0166 -0.0166 0.9953 0.0957 0.0183 -0.0954 0.9953 7.7089 11.188 -370.3881
transform "ring" 1 0 0 0 1 0 0 0 1 -2.9716 -2.9926 12.0546
transform "poddasze" 1 0 0 0 1 0 0 0 1 2.6853 -2.9939 725.3818
transform "kula" 1 0 0 0 1 0 0 0 1 -2.9716 -2.9938 0
transform "kolumna4" 1 0 0 0 1 0 0 0 1 183.3725 -0.2535 863.2123
transform "kolumna2" 1 0 0 0 1 0 0 0 1 -175.6138 -0.2535 863.2114
transform "kolumna3" 1 0 0 0 1 0 0 0 1 -0.2312 175.129 863.2123
transform "kolumna1" 1 0 0 0 1 0 0 0 1 -0.2312 -183.8572 863.2115
transform "dach" 1 0 0 0 1 0 0 0 1 -2.9716 -2.9938 986.1847
transform "podst1" 1 0 0 0 1 0 0 0 1 2.9716 -2.9939 599.4422
transform "podst2" 1 0 0 0 1 0 0 0 1 4.4648 -4.4983 -853.6163
transform "cosik" 0.9999 0.0107 0.0071 -0.0107 0.9999 -0.0047 -0.0071 0.0046 1 -102.3104 -225.0177 266.459
transform "cosik2" 0.9995 0.0145 0.028 -0.0158 0.9988 0.0459 -0.0273 -0.0464 0.9986 8.9309 341.9998 -54.6921
transform "torusek" 0.9903 0.0786 -0.1145 -0.0811 0.9966 -0.0172 0.1128 0.0263 0.9933 9.36 -1.3702 853.3571
camera -772.937 -1524.1464 547.9938 0 -2.9938 -428.4814 0 50

frame 7
transform "Object08" 1 0 0 0 1 0 0 0 1 -526.2075 -0.8739 -491.5057
transform "Object09" 1 0 0 0 1 0 0 0 1 517.2784 9.4128 -492.265
transform "Object10" 1 0 0 0 1 0 0 0 1 5.1565 499.5681 -497.3869
transform "Object11" 1 0 0 0 1 0 0 0 1 3.107 -508.6422 -497.3867
transform "EYE01" 0.9996 0.0211 -0.0194 -0.0188 0.9936 0.1114 0.0216 -0.111 0.9936 7.7089 11.188 -370.3881
transform "ring" 1 0 0 0 1 0 0 0 1 -2.9716 -2.9926 12.0546
transform "poddasze" 1 0 0 0 1 0 0 0 1 2.6853 -2.9939 725.3818
transform "kula" 1 0 0 0 1 0 0 0 1 -2.9716 -2.9938 0
transform "kolumna4" 1 0 0 0 1 0 0 0 1 183.3725 -0.2535 863.2123
transform "kolumna2" 1 0 0 0 1 0 0 0 1 -175.6138 -0.2535 863.2114
transform "kolumna3" 1 0 0 0 1 0 0 0 1 -0.2312 175.129 863.2123
transform "kolumna1" 1 0 0 0 1 0 0 0 1 -0.2312 -183.8572 863.2115
transform "dach" 1 0 0 0 1 0 0 0 1 -2.9716 -2.9938 986.1847
transform "podst1" 1 0 0 0 1 0 0 0 1 2.9716 -2.9939 599.4422
transform "podst2" 1 0 0 0 1 0 0 0 1 4.4648 -4.4983 -853.6163
transform "cosik" 0.9999 0.0125 0.0082 -0.0124 0.9999 -0.0055 -0.0083 0.0054 1 -101.2997 -226.7088 266.6589
transform "cosik2" 0.9993 0.0169 0.0333 -0.0187 0.9984 0.0537 -0.0324 -0.0542 0.998 2.7909 343.7457 -64.8947
transform "torusek" 0.9868 0.0917 -0.1338 -0.0952 0.9953 -0.0201 0.1314 0.0326 0.9908 9.36 -1.3702 853.9789
camera -773.8699 -1529.1876 537.0353 0 -2.9938 -426.8188 0 50

frame 8
transform "Object08" 1 0 0 0 1 0 0 0 1 -526.2075 -0.8739 -491.5057
transform "Object09" 1 0 0 0 1 0 0 0 1 517.2784 9.4128 -492.265
transform "Object10" 1 0 0 0 1 0 0 0 1 5.1565 499.5681 -497.3869
transform "Object11" 1 0 0 0 1 0 0 0 1 3.107 -508.6422 -497.3867
transform "EYE01" 0.9995 0.0239 -0.0222 -0.0209 0.9917 0.127 0.0251 -0.1264 0.9917 7.7089 11.188 -370.3881
transform "ring" 1 0 0 0 1 0 0 0 1 -2.9716 -2.9926 12.0546
transform "poddasze" 1 0 0 0 1 0 0 0 1 2.6853 -2.9939 725.3818
transform "kula" 1 0 0 0 1 0 0 0 1 -2.9716 -2.9938 0
transform "kolumna4" 1 0 0 0 1 0 0 0 1 183.3725 -0.2535 863.2123
transform "kolumna2" 1 0 0 0 1 0 0 0 1 -175.6138 -0.2535 863.2114
transform "kolumna3" 1 0 0 0 1 0 0 0 1 -0.2312 175.129 863.2123
transform "kolumna1" 1 0 0 0 1 0 0 0 1 -0.2312 -183.8572 863.2115
transform "dach" 1 0 0 0 1 0 0 0 1 -2.9716 -2.9938 986.1847
transform "podst1" 1 0 0 0 1 0 0 0 1 2.9716 -2.9939 599.4422
transform "podst2" 1 0 0 0 1 0 0 0 1 4.4648 -4.4983 -853.6163
transform "cosik" 0.9999 0.0142 0.0094 -0.0142 0.9999 -0.0062 -0.0095 0.0061 0.9999 -100.2898 -228.3962 266.8569
transform "cosik2" 0.9991 0.0193 0.0388 -0.0217 0.9979 0.0614 -0.0376 -0.0622 0.9974 -3.3491 345.4915 -75.093
transform "torusek" 0.9826 0.1047 -0.1532 -0.1095 0.9937 -0.023 0.1498 0.0393 0.9879 9.36 -1.3702 854.6022
camera -774.7996 -1534.2172 526.0841 0 -2.9938 -425.1563 0 50

frame 9
transform "Object08" 1 0 0 0 1 0 0 0 1 -526.2075 -0.8739 -491.5057
transform "Object09" 1 0 0 0 1 0 0 0 1 517.2784 9.4128 -492.265
transform "Object10" 1 0 0 0 1 0 0 0 1 5.1565 499.5681 -497.3869
transform "Object11" 1 0 0 0 1 0 0 0 1 3.107 -508.6422 -497.3867
transform "EYE01" 0.9993 0.0266 -0.0251 -0.0228 0.9895 0.1425 0.0286 -0.1418 0.9895 7.7089 11.188 -370.3881
transform "ring" 1 0 0 0 1 0 0 0 1 -2.9716 -2.9926 12.0546
transform "poddasze" 1 0 0 0 1 0 0 0 1 2.6853 -2.9939 725.3818
transform "kula" 1 0 0 0 1 0 0 0 1 -2.9716 -2.9938 0
transform "kolumna4" 1 0 0 0 1 0 0 0 1 183.3725 -0.2535 863.2123
transform "kolumna2" 1 0 0 0 1 0 0 0 1 -175.6138 -0.2535 863.2114
transform "kolumna3" 1 0 0 0 1 0 0 0 1 -0.2312 175.129 863.2123
transform "kolumna1" 1 0 0 0 1 0 0 0 1 -0.2312 -183.8572 863.2115
transform "dach" 1 0 0 0 1 0 0 0 1 -2.9716 -2.9938 986.1847
transform "podst1" 1 0 0 0 1 0 0 0 1 2.9716 -2.9939 599.4422
transform "podst2" 1 0 0 0 1 0 0 0 1 4.4648 -4.4983 -853.6163
transform "cosik" 0.9998 0.016 0.0106 -0.0159 0.9998 -0.007 -0.0107 0.0069 0.9999 -99.2808 -230.0792 267.0526
transform "cosik2" 0.9988 0.0217 0.0446 -0.0248 0.9973 0.0692 -0.0429 -0.0702 0.9966 -9.4889 347.2372 -85.2865
transform "torusek" 0.978 0.1176 -0.1726 -0.1238 0.992 -0.0258 0.1682 0.0466 0.9847 9.36 -1.3702 855.2272
camera -775.7256 -1539.2333 515.1412 0 -2.9938 -423.4938 0 50

frame 10
transform "Object08" 1 0 0 0 1 0 0 0 1 -526.2075 -0.8739 -491.5057
transform "Object09" 1 0 0 0 1 0 0 0 1 517.2784 9.4128 -492.265
transform "Object10" 1 0 0 0 1 0 0 0 1 5.1565 499.5681 -497.3869
transform "Object11" 1 0 0 0 1 0 0 0 1 3.107 -508.6422 -497.3867
transform "EYE01" 0.9992 0.0293 -0.0279 -0.0245 0.9872 0.1579 0.0322 -0.1571 0.9871 7.7089 11.188 -370.3881
transform "ring" 1 0 0 0 1 0 0 0 1 -2.9716 -2.9926 12.0546
transform "poddasze" 1 0 0 0 1 0 0 0 1 2.6853 -2.9939 725.3818
transform "kula" 1 0 0 0 1 0 0 0 1 -2.9716 -2.9938 0
transform "kolumna4" 1 0 0 0 1 0 0 0 1 183.3725 -0.2535 863.2123
transform "kolumna2" 1 0 0 0 1 0 0 0 1 -175.6138 -0.2535 863.2114
transform "kolumna3" 1 0 0 0 1 0 0 0 1 -0.2312 175.129 863.2123
transform "kolumna1" 1 0 0 0 1 0 0 0 1 -0.2312 -183.8572 863.2115
transform "dach" 1 0 0 0 1 0 0 0 1 -2.9716 -2.9938 986.1847
transform "podst1" 1 0 0 0 1 0 0 0 1 2.9716 -2.9939 599.4422
transform "podst2" 1 0 0 0 1 0 0 0 1 4.4648 -4.4983 -853.6163
transform "cosik" 0.9998 0.0178 0.0118 -0.0177 0.9998 -0.0078 -0.0119 0.0076 0.9999 -98.273 -231.7574 267.2459
transform "cosik2" 0.9984 0.0241 0.0504 -0.028 0.9966 0.0769 -0.0484 -0.0782 0.9958 -15.6287 348.9826 -95.4745
transform "torusek" 0.9727 0.1304 -0.192 -0.1383 0.99 -0.0285 0.1863 0.0542 0.981 9.36 -1.3702 855.8543
camera -776.6477 -1544.2343 504.2077 0 -2.9938 -421.8313 0 50

frame 11
transform "Object08" 1 0 0 0 1 0 0 0 1 -526.2075 -0.8739 -491.5057
transform "Object09" 1 0 0 0 1 0 0 0 1 517.2784 9.4128 -492.265
transform "Object10" 1 0 0 0 1 0 0 0 1 5.1565 499.5681 -497.3869
transform "Object11" 1 0 0 0 1 0 0 0 1 3.107 -508.6422 -497.3867
transform "EYE01" 0.999 0.0319 -0.0308 -0.0261 0.9845 0.1732 0.0358 -0.1723 0.9844 7.7089 11.188 -370.3881
transform "ring" 1 0 0 0 1 0 0 0 1 -2.9716 -2.9926 12.0546
transform "poddasze" 1 0 0 0 1 0 0 0 1 2.6853 -2.9939 725.3818
transform "kula" 1 0 0 0 1 0 0 0 1 -2.9716 -2.9938 0
transform "kolumna4" 1 0 0 0 1 0 0 0 1 183.3725 -0.2535 863.2123
transform "kolumna2" 1 0 0 0 1 0 0 0 1 -175.6138 -0.2535 863.2114
transform "kolumna3" 1 0 0 0 1 0 0 0 1 -0.2312 175.129 863.2123
transform "kolumna1" 1 0 0 0 1 0 0 0 1 -0.2312 -183.8572 863.2115
transform "dach" 1 0 0 0 1 0 0 0 1 -2.9716 -2.9938 986.1847
transform "podst1" 1 0 0 0 1 0 0 0 1 2.9716 -2.9939 599.4422
transform "podst2" 1 0 0 0 1 0 0 0 1 4.4648 -4.4983 -853.6163
transform "cosik" 0.9997 0.0195 0.0129 -0.0194 0.9998 -0.0086 -0.0131 0.0083 0.9999 -97.2664 -233.4302 267.4364
transform "cosik2" 0.9981 0.0265 0.0565 -0.0312 0.9959 0.0847 -0.054 -0.0863 0.9948 -21.7684 350.7279 -105.6564
transform "torusek" 0.9669 0.143 -0.2114 -0.1529 0.9878 -0.031 0.2043 0.0623 0.9769 9.36 -1.3702 856.4836
camera -777.5652 -1549.2184 493.2846 0 -2.9938 -420.1687 0 50

frame 12
transform "Object08" 1 0 0 0 1 0 0 0 1 -526.2075 -0.8739 -491.5057
transform "Object09" 1 0 0 0 1 0 0 0 1 517.2784 9.4128 -492.265
transform "Object10" 1 0 0 0 1 0 0 0 1 5.1565 499.5681 -497.3869
transform "Object11" 1 0 0 0 1 0 0 0 1 3.107 -508.6422 -497.3867
transform "EYE01" 0.9988 0.0345 -0.0337 -0.0276 0.9817 0.1885 0.0396 -0.1873 0.9815 7.7089 11.188 -370.3881
transform "ring" 1 0 0 0 1 0 0 0 1 -2.9716 -2.9926 12.0546
transform "poddasze" 1 0 0 0 1 0 0 0 1 2.6853 -2.9939 725.3818
transform "kula" 1 0 0 0 1 0 0 0 1 -2.9716 -2.9938 0
transform "kolumna4" 1 0 0 0 1 0 0 0 1 183.3725 -0.2535 863.2123
transform "kolumna2" 1 0 0 0 1 0 0 0 1 -175.6138 -0.2535 863.2114
transform "kolumna3" 1 0 0 0 1 0 0 0 1 -0.2312 175.129 863.2123
transform "kolumna1" 1 0 0 0 1 0 0 0 1 -0.2312 -183.8572 863.2115
transform "dach" 1 0 0 0 1 0 0 0 1 -2.9716 -2.9938 986.1847
transform "podst1" 1 0 0 0 1 0 0 0 1 2.9716 -2.9939 599.4422
transform "podst2" 1 0 0 0 1 0 0 0 1 4.4648 -4.4983 -853.6163
transform "cosik" 0.9997 0.0213 0.0141 -0.0212 0.9997 -0.0094 -0.0143 0.0091 0.9999 -96.2611 -235.0971 267.6239
transform "cosik2" 0.9976 0.0289 0.0627 -0.0346 0.9951 0.0925 -0.0597 -0.0944 0.9937 -27.908 352.4731 -115.8316
transform "torusek" 0.9605 0.1555 -0.2308 -0.1675 0.9853 -0.0335 0.2222 0.0708 0.9724 9.36 -1.3702 857.1154
camera -778.4778 -1554.1842 482.3729 0 -2.9938 -418.5062 0 50

frame 13
transform "Object08" 1 0 0 0 1 0 0 0 1 -526.2075 -0.8739 -491.5057
transform "Object09" 1 0 0 0 1 0 0 0 1 517.2784 9.4128 -492.265
transform "Object10" 1 0 0 0 1 0 0 0 1 5.1565 499.5681 -497.3869
transform "Object11" 1 0 0 0 1 0 0 0 1 3.107 -508.6422 -497.3867
transform "EYE01" 0.9986 0.0371 -0.0366 -0.0289 0.9786 0.2036 0.0433 -0.2023 0.9784 7.7089 11.188 -370.3881
transform "ring" 1 0 0 0 1 0 0 0 1 -2.9716 -2.9926 12.0546
transform "poddasze" 1 0 0 0 1 0 0 0 1 2.6853 -2.9939 725.3818
transform "kula" 1 0 0 0 1 0 0 0 1 -2.9716 -2.9938 0
transform "kolumna4" 1 0 0 0 1 0 0 0 1 183.3725 -0.2535 863.2123
transform "kolumna2" 1 0 0 0 1 0 0 0 1 -175.6138 -0.2535 863.2114
transform "kolumna3" 1 0 0 0 1 0 0 0 1 -0.2312 175.129 863.2123
transform "kolumna1" 1 0 0 0 1 0 0 0 1 -0.2312 -183.8572 863.2115
transform "dach" 1 0 0 0 1 0 0 0 1 -2.9716 -2.9938 986.1847
transform "podst1" 1 0 0 0 1 0 0 0 1 2.9716 -2.9939 599.4422
transform "podst2" 1 0 0 0 1 0 0 0 1 4.4648 -4.4983 -853.6163
transform "cosik" 0.9996 0.023 0.0153 -0.0229 0.9997 -0.0102 -0.0155 0.0098 0.9998 -95.2573 -236.7575 267.8081
transform "cosik2" 0.9971 0.0312 0.069 -0.038 0.9942 0.1002 -0.0655 -0.1026 0.9926 -34.0475 354.218 -125.9996
transform "torusek" 0.9536 0.1678 -0.2501 -0.1823 0.9826 -0.0357 0.2398 0.0796 0.9676 9.36 -1.3702 857.7498
camera -779.3849 -1559.1298 471.4736 0 -2.9938 -416.8437 0 50

frame 14
transform "Object08" 1 0 0 0 1 0 0 0 1 -526.2075 -0.8739 -491.5057
transform "Object09" 1 0 0 0 1 0 0 0 1 517.2784 9.4128 -492.265
transform "Object10" 1 0 0 0 1 0 0 0 1 5.1565 499.5681 -497.3869
transform "Object11" 1 0 0 0 1 0 0 0 1 3.107 -508.6422 -497.3867
transform "EYE01" 0.9984 0.0396 -0.0395 -0.0301 0.9753 0.2187 0.0471 -0.2172 0.975 7.7089 11.188 -370.3881
transform "ring" 1 0 0 0 1 0 0 0 1 -2.9716 -2.9926 12.0546
transform "poddasze" 1 0 0 0 1 0 0 0 1 2.6853 -2.9939 725.3818
transform "kula" 1 0 0 0 1 0 0 0 1 -2.9716 -2.9938 0
transform "kolumna4" 1 0 0 0 1 0 0 0 1 183.3725 -0.2535 863.2123
transform "kolumna2" 1 0 0 0 1 0 0 0 1 -175.6138 -0.2535 863.2114
transform "kolumna3" 1 0 0 0 1 0 0 0 1 -0.2312 175.129 863.2123
transform "kolumna1" 1 0 0 0 1 0 0 0 1 -0.2312 -183.8572 863.2115
transform "dach" 1 0 0 0 1 0 0 0 1 -2.9716 -2.9938 986.1847
transform "podst1" 1 0 0 0 1 0 0 0 1 2.9716 -2.9939 599.4422
transform "podst2" 1 0 0 0 1 0 0 0 1 4.4648 -4.4983 -853.6163
transform "cosik" 0.9996 0.0248 0.0165 -0.0246 0.9996 -0.0109 -0.0167 0.0105 0.9998 -94.2551 -238.411 267.9887
transform "cosik2" 0.9966 0.0335 0.0756 -0.0416 0.9933 0.108 -0.0714 -0.1108 0.9913 -40.1869 355.9626 -136.1596
transform "torusek" 0.9461 0.1799 -0.2694 -0.1971 0.9797 -0.0377 0.2572 0.0888 0.9623 9.36 -1.3702 858.3871
camera -780.2862 -1564.0535 460.5879 0 -2.9938 -415.1812 0 50

frame 15
transform "Object08" 1 0 0 0 1 0 0 0 1 -526.2075 -0.8739 -491.5057
transform "Object09" 1 0 0 0 1 0 0 0 1 517.2784 9.4128 -492.265
transform "Object10" 1 0 0 0 1 0 0 0 1 5.1565 499.5681 -497.3869
transform "Object11" 1 0 0 0 1 0 0 0 1 3.107 -508.6422 -497.3867
transform "EYE01" 0.9982 0.0422 -0.0424 -0.0311 0.9718 0.2337 0.051 -0.2319 0.9714 7.7089 11.188 -370.3881
transform "ring" 1 0 0 0 1 0 0 0 1 -2.9716 -2.9926 12.0546
transform "poddasze" 1 0 0 0 1 0 0 0 1 2.6853 -2.9939 725.3818
transform "kula" 1 0 0 0 1 0 0 0 1 -2.9716 -2.9938 0
transform "kolumna4" 1 0 0 0 1 0 0 0 1 183.3725 -0.2535 863.2123
transform "kolumna2" 1 0 0 0 1 0 0 0 1 -175.6138 -0.2535 863.2114
transform "kolumna3" 1 0 0 0 1 0 0 0 1 -0.2312 175.129 863.2123
transform "kolumna1" 1 0 0 0 1 0 0 0 1 -0.2312 -183.8572 863.2115
transform "dach" 1 0 0 0 1 0 0 0 1 -2.9716 -2.9938 986.1847
transform "podst1" 1 0 0 0 1 0 0 0 1 2.9716 -2.9939 599.4422
transform "podst2" 1 0 0 0 1 0 0 0 1 4.4648 -4.4983 -853.6163
transform "cosik" 0.9995 0.0266 0.0176 -0.0263 0.9996 -0.0117 -0.0179 0.0113 0.9998 -93.2546 -240.0569 268.1655
transform "cosik2" 0.996 0.0358 0.0822 -0.0452 0.9922 0.1158 -0.0775 -0.119 0.9899 -46.3262 357.707 -146.3111
transform "torusek" 0.938 0.1918 -0.2887 -0.2119 0.9765 -0.0395 0.2743 0.0982 0.9566 9.36 -1.3702 859.0275
camera -781.1812 -1568.9537 449.7167 0 -2.9938 -413.5186 0 50

frame 16
transform "Object08" 1 0 0 0 1 0 0 0 1 -526.2075 -0.8739 -491.5057
transform "Object09" 1 0 0 0 1 0 0 0 1 517.2784 9.4128 -492.265
transform "Object10" 1 0 0 0 1 0 0 0 1 5.1565 499.5681 -497.3869
transform "Object11" 1 0 0 0 1 0 0 0 1 3.107 -508.6422 -497.3867
transform "EYE01" 0.998 0.0446 -0.0453 -0.032 0.9681 0.2486 0.0549 -0.2466 0.9676 7.7089 11.188 -370.3881
transform "ring" 1 0 0 0 1 0 0 0 1 -2.9716 -2.9926 12.0546
transform "poddasze" 1 0 0 0 1 0 0 0 1 2.6853 -2.9939 725.3818
transform "kula" 1 0 0 0 1 0 0 0 1 -2.9716 -2.9938 0
transform "kolumna4" 1 0 0 0 1 0 0 0 1 183.3725 -0.2535 863.2123
transform "kolumna2" 1 0 0 0 1 0 0 0 1 -175.6138 -0.2535 863.2114
transform "kolumna3" 1 0 0 0 1 0 0 0 1 -0.2312 175.129 863.2123
transform "kolumna1" 1 0 0 0 1 0 0 0 1 -0.2312 -183.8572 863.2115
transform "dach" 1 0 0 0 1 0 0 0 1 -2.9716 -2.9938 986.1847
transform "podst1" 1 0 0 0 1 0 0 0 1 2.9716 -2.9939 599.4422
transform "podst2" 1 0 0 0 1 0 0 0 1 4.4648 -4.4983 -853.6163
transform "cosik" 0.9994 0.0283 0.0188 -0.0281 0.9995 -0.0125 -0.0191 0.012 0.9997 -92.2559 -241.6947 268.3382
transform "cosik2" 0.9953 0.038 0.0891 -0.0489 0.9911 0.1235 -0.0836 -0.1273 0.9883 -52.4654 359.4512 -156.4535
transform "torusek" 0.9294 0.2035 -0.3079 -0.2267 0.9731 -0.0411 0.2913 0.108 0.9505 9.36 -1.3702 859.6713
camera -782.0694 -1573.8287 438.8611 0 -2.9938 -411.8561 0 50

frame 17
transform "Object08" 1 0 0 0 1 0 0 0 1 -526.2075 -0.8739 -491.5057
transform "Object09" 1 0 0 0 1 0 0 0 1 517.2784 9.4128 -492.265
transform "Object10" 1 0 0 0 1 0 0 0 1 5.1565 499.5681 -497.3869
transform "Object11" 1 0 0 0 1 0 0 0 1 3.107 -508.6422 -497.3867
transform "EYE01" 0.9977 0.0471 -0.0482 -0.0328 0.9641 0.2633 0.0589 -0.2612 0.9635 7.7089 11.188 -370.3881
transform "ring" 1 0 0 0 1 0 0 0 1 -2.9716 -2.9926 12.0546
transform "poddasze" 1 0 0 0 1 0 0 0 1 2.6853 -2.9939 725.3818
transform "kula" 1 0 0 0 1 0 0 0 1 -2.9716 -2.9938 0
transform "kolumna4" 1 0 0 0 1 0 0 0 1 183.3725 -0.2535 863.2123
transform "kolumna2" 1 0 0 0 1 0 0 0 1 -175.6138 -0.2535 863.2114
transform "kolumna3" 1 0 0 0 1 0 0 0 1 -0.2312 175.129 863.2123
transform "kolumna1" 1 0 0 0 1 0 0 0 1 -0.2312 -183.8572 863.2115
transform "dach" 1 0 0 0 1 0 0 0 1 -2.9716 -2.9938 986.1847
transform "podst1" 1 0 0 0 1 0 0 0 1 2.9716 -2.9939 599.4422
transform "podst2" 1 0 0 0 1 0 0 0 1 4.4648 -4.4983 -853.6163
transform "cosik" 0.9993 0.0301 0.02 -0.0298 0.9995 -0.0133 -0.0204 0.0127 0.9997 -91.2592 -243.3239 268.5064
transform "cosik2" 0.9946 0.0402 0.096 -0.0527 0.9899 0.1313 -0.0898 -0.1356 0.9867 -58.6044 361.1951 -166.5862
transform "torusek" 0.9202 0.215 -0.327 -0.2416 0.9695 -0.0423 0.3079 0.1179 0.9441 9.36 -1.3702 860.3186
camera -782.9504 -1578.6769 428.0221 0 -2.9938 -410.1936 0 50

frame 18
transform "Object08" 1 0 0 0 1 0 0 0 1 -526.2075 -0.8739 -491.5057
transform "Object09" 1 0 0 0 1 0 0 0 1 517.2784 9.4128 -492.265
transform "Object10" 1 0 0 0 1 0 0 0 1 5.1565 499.5681 -497.3869
transform "Object11" 1 0 0 0 1 0 0 0 1 3.107 -508.6422 -497.3867
transform "EYE01" 0.9975 0.0496 -0.0511 -0.0335 0.96 0.278 0.0628 -0.2756 0.9592 7.7089 11.188 -370.3881
transform "ring" 1 0 0 0 1 0 0 0 1 -2.9716 -2.9926 12.0546
transform "poddasze" 1 0 0 0 1 0 0 0 1 2.6853 -2.9939 725.3818
transform "kula" 1 0 0 0 1 0 0 0 1 -2.9716 -2.9938 0
transform "kolumna4" 1 0 0 0 1 0 0 0 1 183.3725 -0.2535 863.2123
transform "kolumna2" 1 0 0 0 1 0 0 0 1 -175.6138 -0.2535 863.2114
transform "kolumna3" 1 0 0 0 1 0 0 0 1 -0.2312 175.129 863.2123
transform "kolumna1" 1 0 0 0 1 0 0 0 1 -0.2312 -183.8572 863.2115
transform "dach" 1 0 0 0 1 0 0 0 1 -2.9716 -2.9938 986.1847
transform "podst1" 1 0 0 0 1 0 0 0 1 2.9716 -2.9939 599.4422
transform "podst2" 1 0 0 0 1 0 0 0 1 4.4648 -4.4983 -853.6163
transform "cosik" 0.9993 0.0318 0.0212 -0.0315 0.9994 -0.0141 -0.0216 0.0134 0.9997 -90.2645 -244.9439 268.67
transform "cosik2" 0.9938 0.0423 0.1031 -0.0565 0.9887 0.139 -0.096 -0.144 0.9849 -64.7433 362.9386 -176.7085
transform "torusek" 0.9106 0.2262 -0.346 -0.2564 0.9656 -0.0433 0.3243 0.1282 0.9372 9.36 -1.3702 860.9697
camera -783.8237 -1583.4965 417.2008 0 -2.9938 -408.531 0 50

frame 19
transform "Object08" 1 0 0 0 1 0 0 0 1 -526.2075 -0.8739 -491.5057
transform "Object09" 1 0 0 0 1 0 0 0 1 517.2784 9.4128 -492.265
transform "Object10" 1 0 0 0 1 0 0 0 1 5.1565 499.5681 -497.3869
transform "Object11" 1 0 0 0 1 0 0 0 1 3.107 -508.6422 -497.3867
transform "EYE01" 0.9972 0.0521 -0.054 -0.034 0.9556 0.2926 0.0668 -0.29 0.9547 7.7089 11.188 -370.3881
transform "ring" 1 0 0 0 1 0 0 0 1 -2.9716 -2.9926 12.0546
transform "poddasze" 1 0 0 0 1 0 0 0 1 2.6853 -2.9939 725.3818
transform "kula" 1 0 0 0 1 0 0 0 1 -2.9716 -2.9938 0
transform "kolumna4" 1 0 0 0 1 0 0 0 1 183.3725 -0.2535 863.2123
transform "kolumna2" 1 0 0 0 1 0 0 0 1 -175.6138 -0.2535 863.2114
transform "kolumna3" 1 0 0 0 1 0 0 0 1 -0.2312 175.129 863.2123
transform "kolumna1" 1 0 0 0 1 0 0 0 1 -0.2312 -183.8572 863.2115
transform "dach" 1 0 0 0 1 0 0 0 1 -2.9716 -2.9938 986.1847
transform "podst1" 1 0 0 0 1 0 0 0 1 2.9716 -2.9939 599.4422
transform "podst2" 1 0 0 0 1 0 0 0 1 4.4648 -4.4983 -853.6163
transform "cosik" 0.9992 0.0335 0.0223 -0.0332 0.9993 -0.0149 -0.0228 0.0141 0.9996 -89.2721 -246.5543 268.8287
transform "cosik2" 0.9929 0.0445 0.1103 -0.0605 0.9873 0.1467 -0.1024 -0.1523 0.983 -70.8821 364.6819 -186.8199
transform "torusek" 0.9003 0.2372 -0.3649 -0.2711 0.9615 -0.044 0.3404 0.1385 0.93 9.36 -1.3702 861.6248
camera -784.689 -1588.2859 406.3982 0 -2.9938 -406.8685 0 50

frame 20
transform "Object08" 1 0 0 0 1 0 0 0 1 -526.2075 -0.8739 -491.5057
transform "Object09" 1 0 0 0 1 0 0 0 1 517.2784 9.4128 -492.265
transform "Object10" 1 0 0 0 1 0 0 0 1 5.1565 499.5681 -497.3869
transform "Object11" 1 0 0 0 1 0 0 0 1 3.107 -508.6422 -497.3867
transform "EYE01" 0.9969 0.0545 -0.0569 -0.0345 0.951 0.3071 0.0709 -0.3042 0.95 7.7089 11.188 -370.3881
transform "ring" 1 0 0 0 1 0 0 0 1 -2.9716 -2.9926 12.0546
transform "poddasze" 1 0 0 0 1 0 0 0 1 2.6853 -2.9939 725.3818
transform "kula" 1 0 0 0 1 0 0 0 1 -2.9716 -2.9938 0
transform "kolumna4" 1 0 0 0 1 0 0 0 1 183.3725 -0.2535 863.2123
transform "kolumna2" 1 0 0 0 1 0 0 0 1 -175.6138 -0.2535 863.2114
transform "kolumna3" 1 0 0 0 1 0 0 0 1 -0.2312 175.129 863.2123
transform "kolumna1" 1 0 0 0 1 0 0 0 1 -0.2312 -183.8572 863.2115
transform "dach" 1 0 0 0 1 0 0 0 1 -2.9716 -2.9938 986.1847
transform "podst1" 1 0 0 0 1 0 0 0 1 2.9716 -2.9939 599.4422
transform "podst2" 1 0 0 0 1 0 0 0 1 4.4648 -4.4983 -853.6163
transform "cosik" 0.9991 0.0353 0.0235 -0.0349 0.9993 -0.0157 -0.024 0.0148 0.9996 -88.2819 -248.1544 268.9821
transform "cosik2" 0.992 0.0465 0.1177 -0.0646 0.9859 0.1544 -0.1088 -0.1608 0.981 -77.0207 366.4248 -196.9198
transform "torusek" 0.8896 0.2479 -0.3836 -0.2859 0.9572 -0.0443 0.3562 0.1491 0.9224 9.36 -1.3702 862.2841
camera -785.5457 -1593.0433 395.6153 0 -2.9938 -405.206 0 50

frame 21
transform "Object08" 1 0 0 0 1 0 0 0 1 -526.2075 -0.8739 -491.5057
transform "Object09" 1 0 0 0 1 0 0 0 1 517.2784 9.4128 -492.265
transform "Object10" 1 0 0 0 1 0 0 0 1 5.1565 499.5681 -497.3869
transform "Object11" 1 0 0 0 1 0 0 0 1 3.107 -508.6422 -497.3867
transform "EYE01" 0.9966 0.0569 -0.0598 -0.0348 0.9463 0.3215 0.0749 -0.3183 0.945 7.7089 11.188 -370.3881
transform "ring" 1 0 0 0 1 0 0 0 1 -2.9716 -2.9926 12.0546
transform "poddasze" 1 0 0 0 1 0 0 0 1 2.6853 -2.9939 725.3818
transform "kula" 1 0 0 0 1 0 0 0 1 -2.9716 -2.9938 0
transform "kolumna4" 1 0 0 0 1 0 0 0 1 183.3725 -0.2535 863.2123
transform "kolumna2" 1 0 0 0 1 0 0 0 1 -175.6138 -0.2535 863.2114
transform "kolumna3" 1 0 0 0 1 0 0 0 1 -0.2312 175.129 863.2123
transform "kolumna1" 1 0 0 0 1 0 0 0 1 -0.2312 -183.8572 863.2115
transform "dach" 1 0 0 0 1 0 0 0 1 -2.9716 -2.9938 986.1847
transform "podst1" 1 0 0 0 1 0 0 0 1 2.9716 -2.9939 599.4422
transform "podst2" 1 0 0 0 1 0 0 0 1 4.4648 -4.4983 -853.6163
transform "cosik" 0.999 0.037 0.0247 -0.0366 0.9992 -0.0165 -0.0253 0.0155 0.9996 -87.2942 -249.7438 269.13
transform "cosik2" 0.991 0.0486 0.1251 -0.0687 0.9844 0.1621 -0.1153 -0.1692 0.9788 -83.1591 368.1673 -207.0075
transform "torusek" 0.8784 0.2583 -0.4022 -0.3005 0.9528 -0.0443 0.3717 0.1598 0.9145 9.36 -1.3702 862.9479
camera -786.3932 -1597.7672 384.8532 0 -2.9938 -403.5435 0 50

frame 22
transform "Object08" 1 0 0 0 1 0 0 0 1 -526.2075 -0.8739 -491.5057
transform "Object09" 1 0 0 0 1 0 0 0 1 517.2784 9.4128 -492.265
transform "Object10" 1 0 0 0 1 0 0 0 1 5.1565 499.5681 -497.3869
transform "Object11" 1 0 0 0 1 0 0 0 1 3.107 -508.6422 -497.3867
transform "EYE01" 0.9963 0.0594 -0.0628 -0.035 0.9413 0.3358 0.079 -0.3324 0.9398 7.7089 11.188 -370.3881
transform "ring" 1 0 0 0 1 0 0 0 1 -2.9716 -2.9926 12.0546
transform "poddasze" 1 0 0 0 1 0 0 0 1 2.6853 -2.9939 725.3818
transform "kula" 1 0 0 0 1 0 0 0 1 -2.9716 -2.9938 0
transform "kolumna4" 1 0 0 0 1 0 0 0 1 183.3725 -0.2535 863.2123
transform "kolumna2" 1 0 0 0 1 0 0 0 1 -175.6138 -0.2535 863.2114
transform "kolumna3" 1 0 0 0 1 0 0 0 1 -0.2312 175.129 863.2123
transform "kolumna1" 1 0 0 0 1 0 0 0 1 -0.2312 -183.8572 863.2115
transform "dach" 1 0 0 0 1 0 0 0 1 -2.9716 -2.9938 986.1847
transform "podst1" 1 0 0 0 1 0 0 0 1 2.9716 -2.9939 599.4422
transform "podst2" 1 0 0 0 1 0 0 0 1 4.4648 -4.4983 -853.6163
transform "cosik" 0.9989 0.0388 0.0259 -0.0383 0.9991 -0.0173 -0.0265 0.0163 0.9995 -86.3091 -251.3218 269.2722
transform "cosik2" 0.9899 0.0505 0.1327 -0.0729 0.9828 0.1697 -0.1218 -0.1777 0.9765 -89.2974 369.9095 -217.0824
transform "torusek" 0.8666 0.2685 -0.4206 -0.315 0.9481 -0.044 0.3869 0.1706 0.9062 9.36 -1.3702 863.6163
camera -787.2314 -1602.4558 374.1129 0 -2.9938 -401.8809 0 50

frame 23
transform "Object08" 1 0 0 0 1 0 0 0 1 -526.2075 -0.8739 -491.5057
transform "Object09" 1 0 0 0 1 0 0 0 1 517.2784 9.4128 -492.265
transform "Object10" 1 0 0 0 1 0 0 0 1 5.1565 499.5681 -497.3869
transform "Object11" 1 0 0 0 1 0 0 0 1 3.107 -508.6422 -497.3867
transform "EYE01" 0.9959 0.0619 -0.0657 -0.0351 0.9361 0.35 0.0831 -0.3463 0.9344 7.7089 11.188 -370.3881
transform "ring" 1 0 0 0 1 0 0 0 1 -2.9716 -2.9926 12.0546
transform "poddasze" 1 0 0 0 1 0 0 0 1 2.6853 -2.9939 725.3818
transform "kula" 1 0 0 0 1 0 0 0 1 -2.9716 -2.9938 0
transform "kolumna4" 1 0 0 0 1 0 0 0 1 183.3725 -0.2535 863.2123
transform "kolumna2" 1 0 0 0 1 0 0 0 1 -175.6138 -0.2535 863.2114
transform "kolumna3" 1 0 0 0 1 0 0 0 1 -0.2312 175.129 863.2123
transform "kolumna1" 1 0 0 0 1 0 0 0 1 -0.2312 -183.8572 863.2115
transform "dach" 1 0 0 0 1 0 0 0 1 -2.9716 -2.9938 986.1847
transform "podst1" 1 0 0 0 1 0 0 0 1 2.9716 -2.9939 599.4422
transform "podst2" 1 0 0 0 1 0 0 0 1 4.4648 -4.4983 -853.6163
transform "cosik" 0.9988 0.0405 0.027 -0.04 0.999 -0.0181 -0.0277 0.0169 0.9995 -85.3267 -252.888 269.4083
transform "cosik2" 0.9887 0.0525 0.1404 -0.0772 0.9811 0.1773 -0.1284 -0.1862 0.9741 -95.4355 371.6513 -227.144
transform "torusek" 0.8544 0.2783 -0.4387 -0.3294 0.9432 -0.0432 0.4018 0.1814 0.8976 9.36 -1.3702 864.2897
camera -788.0597 -1607.1075 363.3955 0 -2.9938 -400.2184 0 50

frame 24
transform "Object08" 1 0 0 0 1 0 0 0 1 -526.2075 -0.8739 -491.5057
transform "Object09" 1 0 0 0 1 0 0 0 1 517.2784 9.4128 -492.265
transform "Object10" 1 0 0 0 1 0 0 0 1 5.1565 499.5681 -497.3869
transform "Object11" 1 0 0 0 1 0 0 0 1 3.107 -508.6422 -497.3867
transform "EYE01" 0.9956 0.0643 -0.0685 -0.0351 0.9307 0.3641 0.0872 -0.3601 0.9288 7.7089 11.188 -370.3881
transform "ring" 1 0 0 0 1 0 0 0 1 -2.9716 -2.9926 12.0546
transform "poddasze" 1 0 0 0 1 0 0 0 1 2.6853 -2.9939 725.3818
transform "kula" 1 0 0 0 1 0 0 0 1 -2.9716 -2.9938 0
transform "kolumna4" 1 0 0 0 1 0 0 0 1 183.3725 -0.2535 863.2123
transform "kolumna2" 1 0 0 0 1 0 0 0 1 -175.6138 -0.2535 863.2114
transform "kolumna3" 1 0 0 0 1 0 0 0 1 -0.2312 175.129 863.2123
transform "kolumna1" 1 0 0 0 1 0 0 0 1 -0.2312 -183.8572 863.2115
transform "dach" 1 0 0 0 1 0 0 0 1 -2.9716 -2.9938 986.1847
transform "podst1" 1 0 0 0 1 0 0 0 1 2.9716 -2.9939 599.4422
transform "podst2" 1 0 0 0 1 0 0 0 1 4.4648 -4.4983 -853.6163
transform "cosik" 0.9987 0.0422 0.0282 -0.0417 0.999 -0.0188 -0.029 0.0176 0.9994 -84.347 -254.4419 269.5381
transform "cosik2" 0.9875 0.0543 0.1482 -0.0816 0.9794 0.1849 -0.1351 -0.1947 0.9715 -101.5734 373.3927 -237.1916
transform "torusek" 0.8417 0.2879 -0.4567 -0.3437 0.9381 -0.0421 0.4164 0.1924 0.8886 9.36 -1.3702 864.9681
camera -788.8776 -1611.7206 352.702 0 -2.9938 -398.5558 0 50

frame 25
transform "Object08" 1 0 0 0 1 0 0 0 1 -526.2075 -0.8739 -491.5057
transform "Object09" 1 0 0 0 1 0 0 0 1 517.2784 9.4128 -492.265
transform "Object10" 1 0 0 0 1 0 0 0 1 5.1565 499.5681 -497.3869
transform "Object11" 1 0 0 0 1 0 0 0 1 3.107 -508.6422 -497.3867
transform "EYE01" 0.9952 0.0668 -0.0714 -0.035 0.9251 0.3781 0.0913 -0.3738 0.923 7.7089 11.188 -370.3881
transform "ring" 1 0 0 0 1 0 0 0 1 -2.9716 -2.9926 12.0546
transform "poddasze" 1 0 0 0 1 0 0 0 1 2.6853 -2.9939 725.3818
transform "kula" 1 0 0 0 1 0 0 0 1 -2.9716 -2.9938 0
transform "kolumna4" 1 0 0 0 1 0 0 0 1 183.3725 -0.2535 863.2123
transform "kolumna2" 1 0 0 0 1 0 0 0 1 -175.6138 -0.2535 863.2114
transform "kolumna3" 1 0 0 0 1 0 0 0 1 -0.2312 175.129 863.2123
transform "kolumna1" 1 0 0 0 1 0 0 0 1 -0.2312 -183.8572 863.2115
transform "dach" 1 0 0 0 1 0 0 0 1 -2.9716 -2.9938 986.1847
transform "podst1" 1 0 0 0 1 0 0 0 1 2.9716 -2.9939 599.4422
transform "podst2" 1 0 0 0 1 0 0 0 1 4.4648 -4.4983 -853.6163
transform "cosik" 0.9986 0.044 0.0294 -0.0434 0.9989 -0.0196 -0.0302 0.0183 0.9994 -83.3703 -255.9828 269.6612
transform "cosik2" 0.9862 0.0561 0.1561 -0.0861 0.9775 0.1925 -0.1417 -0.2033 0.9688 -107.7111 375.1336 -247.2246
transform "torusek" 0.8286 0.2971 -0.4745 -0.3578 0.9329 -0.0405 0.4306 0.2033 0.8793 9.36 -1.3702 865.6519
camera -789.6847 -1616.2933 342.0334 0 -2.9938 -396.8933 0 50

frame 26
transform "Object08" 1 0 0 0 1 0 0 0 1 -526.2075 -0.8739 -491.5057
transform "Object09" 1 0 0 0 1 0 0 0 1 517.2784 9.4128 -492.265
transform "Object10" 1 0 0 0 1 0 0 0 1 5.1565 499.5681 -497.3869
transform "Object11" 1 0 0 0 1 0 0 0 1 3.107 -508.6422 -497.3867
transform "EYE01" 0.9948 0.0693 -0.0743 -0.0348 0.9193 0.392 0.0954 -0.3874 0.917 7.7089 11.188 -370.3881
transform "ring" 1 0 0 0 1 0 0 0 1 -2.9716 -2.9926 12.0546
transform "poddasze" 1 0 0 0 1 0 0 0 1 2.6853 -2.9939 725.3818
transform "kula" 1 0 0 0 1 0 0 0 1 -2.9716 -2.9938 0
transform "kolumna4" 1 0 0 0 1 0 0 0 1 183.3725 -0.2535 863.2123
transform "kolumna2" 1 0 0 0 1 0 0 0 1 -175.6138 -0.2535 863.2114
transform "kolumna3" 1 0 0 0 1 0 0 0 1 -0.2312 175.129 863.2123
transform "kolumna1" 1 0 0 0 1 0 0 0 1 -0.2312 -183.8572 863.2115
transform "dach" 1 0 0 0 1 0 0 0 1 -2.9716 -2.9938 986.1847
transform "podst1" 1 0 0 0 1 0 0 0 1 2.9716 -2.9939 599.4422
transform "podst2" 1 0 0 0 1 0 0 0 1 4.4648 -4.4983 -853.6163
transform "cosik" 0.9985 0.0457 0.0306 -0.0451 0.9988 -0.0204 -0.0314 0.019 0.9993 -82.3966 -257.5102 269.7776
transform "cosik2" 0.9848 0.0579 0.164 -0.0907 0.9756 0.2 -0.1485 -0.2118 0.966 -113.8485 376.8741 -257.2423
transform "torusek" 0.815 0.3061 -0.492 -0.3716 0.9276 -0.0385 0.4445 0.2142 0.8698 9.36 -1.3702 866.3413
camera -790.4805 -1620.8241 331.3908 0 -2.9938 -395.2308 0 50

frame 27
transform "Object08" 1 0 0 0 1 0 0 0 1 -526.2075 -0.8739 -491.5057
transform "Object09" 1 0 0 0 1 0 0 0 1 517.2784 9.4128 -492.265
transform "Object10" 1 0 0 0 1 0 0 0 1 5.1565 499.5681 -497.3869
transform "Object11" 1 0 0 0 1 0 0 0 1 3.107 -508.6422 -497.3867
transform "EYE01" 0.9944 0.0718 -0.0771 -0.0345 0.9133 0.4058 0.0996 -0.4009 0.9107 7.7089 11.188 -370.3881
transform "ring" 1 0 0 0 1 0 0 0 1 -2.9716 -2.9926 12.0546
transform "poddasze" 1 0 0 0 1 0 0 0 1 2.6853 -2.9939 725.3818
transform "kula" 1 0 0 0 1 0 0 0 1 -2.9716 -2.9938 0
transform "kolumna4" 1 0 0 0 1 0 0 0 1 183.3725 -0.2535 863.2123
transform "kolumna2" 1 0 0 0 1 0 0 0 1 -175.6138 -0.2535 863.2114
transform "kolumna3" 1 0 0 0 1 0 0 0 1 -0.2312 175.129 863.2123
transform "kolumna1" 1 0 0 0 1 0 0 0 1 -0.2312 -183.8572 863.2115
transform "dach" 1 0 0 0 1 0 0 0 1 -2.9716 -2.9938 986.1847
transform "podst1" 1 0 0 0 1 0 0 0 1 2.9716 -2.9939 599.4422
transform "podst2" 1 0 0 0 1 0 0 0 1 4.4648 -4.4983 -853.6163
transform "cosik" 0.9984 0.0474 0.0317 -0.0467 0.9987 -0.0212 -0.0327 0.0197 0.9993 -81.4261 -259.0237 269.8867
transform "cosik2" 0.9833 0.0596 0.1721 -0.0953 0.9736 0.2075 -0.1552 -0.2204 0.963 -119.9858 378.6142 -267.2443
transform "torusek" 0.801 0.3148 -0.5092 -0.3853 0.9221 -0.0361 0.4582 0.2251 0.8599 9.36 -1.3702 867.0364
camera -791.2646 -1625.3112 320.7752 0 -2.9938 -393.5683 0 50

frame 28
transform "Object08" 1 0 0 0 1 0 0 0 1 -526.2075 -0.8739 -491.5057
transform "Object09" 1 0 0 0 1 0 0 0 1 517.2784 9.4128 -492.265
transform "Object10" 1 0 0 0 1 0 0 0 1 5.1565 499.5681 -497.3869
transform "Object11" 1 0 0 0 1 0 0 0 1 3.107 -508.6422 -497.3867
transform "EYE01" 0.994 0.0743 -0.0799 -0.0341 0.9071 0.4195 0.1037 -0.4142 0.9043 7.7089 11.188 -370.3881
transform "ring" 1 0 0 0 1 0 0 0 1 -2.9716 -2.9926 12.0546
transform "poddasze" 1 0 0 0 1 0 0 0 1 2.6853 -2.9939 725.3818
transform "kula" 1 0 0 0 1 0 0 0 1 -2.9716 -2.9938 0
transform "kolumna4" 1 0 0 0 1 0 0 0 1 183.3725 -0.2535 863.2123
transform "kolumna2" 1 0 0 0 1 0 0 0 1 -175.6138 -0.2535 863.2114
transform "kolumna3" 1 0 0 0 1 0 0 0 1 -0.2312 175.129 863.2123
transform "kolumna1" 1 0 0 0 1 0 0 0 1 -0.2312 -183.8572 863.2115
