VERSION 201

frame 0
transform "Object" 1 0 0 0 1 0 0 0 1 272.7756 -74.3734 47.9484
transform "absence" 1 0 0 0 1 0 0 0 1 971.0107 628.5079 405.7413
transform "camorra" 1 0 0 0 1 0 0 0 1 228.9946 -52.8472 -922.0655
transform "exmortis" 1 0 0 0 1 0 0 0 1 -328.5507 660.741 -402.8405
transform "hypnotize" 1 0 0 0 1 0 0 0 1 244.6438 -96.9557 1110.9929
transform "poison" 1 0 0 0 1 0 0 0 1 -553.4127 -831.5321 424.1548
transform "pulse" 1 0 0 0 1 0 0 0 1 1010.2034 -618.0876 -325.6181
transform "dach1" 1 0 0 0 1 0 0 0 1 337.2452 -128.8864 1142.8042
transform "dach2" 1 0 0 0 1 0 0 0 1 339.678 -128.8859 -1048.7075
transform "Object02" 1 0 0 0 1 0 0 0 1 202.9187 -99.1578 10.0656
transform "Object03" 1 0 0 0 1 0 0 0 1 213.0727 -76.7834 -637.4827
transform "Object01" 1 0 0 0 1 0 0 0 1 213.0727 -76.7834 692.5502
camera 43.4097 -591.9509 274.7523 245.988 -80.5525 75.8975 0 50

frame 1
transform "Object" 1 0.0045 0.003 -0.0045 1 -0.0018 -0.003 0.0018 1 272.7756 -74.3734 47.9484
transform "absence" 1 0.0014 -0.0024 -0.0014 1 -0.0045 0.0023 0.0046 1 971.0107 628.5079 405.7413
transform "camorra" 1 -0.0038 -0.0007 0.0038 1 -0.0026 0.0007 0.0026 1 228.9697 -52.8751 -921.9673
transform "exmortis" 1 0.0042 0.0022 -0.0041 1 -0.0045 -0.0023 0.0045 1 -328.5507 660.741 -402.8405
transform "hypnotize" 1 0.0015 0.0019 -0.0015 1 0.0058 -0.0019 -0.0058 1 244.6438 -96.9557 1110.9929
transform "poison" 1 0.0049 0.0028 -0.0049 1 -0.0018 -0.0028 0.0018 1 -553.4127 -831.5321 424.1548
transform "pulse" 1 -0.0037 -0.0034 0.0037 1 -0.0016 0.0034 0.0016 1 1010.2034 -618.0876 -325.6181
transform "dach1" 1 0 0 0 1 0 0 0 1 337.2452 -128.8864 1142.8042
transform "dach2" 1 0 0 0 1 0 0 0 1 339.678 -128.8859 -1048.7075
transform "Object02" 1 0 0 0 1 0 0 0 1 202.9187 -99.1578 10.0656
transform "Object03" 1 0 0 0 1 0 0 0 1 213.0727 -76.7834 -637.4827
transform "Object01" 1 0 0 0 1 0 0 0 1 213.0727 -76.7834 692.5502
camera 42.3115 -581.3016 270.3409 244.6482 -76.6425 72.1017 0 50

frame 2
transform "Object" 0.9999 0.009 0.0061 -0.009 1 -0.0036 -0.0061 0.0036 1 272.7756 -74.3734 47.9484
transform "absence" 1 0.0028 -0.0047 -0.0028 1 -0.0091 0.0047 0.0091 0.9999 971.0107 628.5079 405.7413
transform "camorra" 1 -0.0076 -0.0013 0.0076 1 -0.0052 0.0014 0.0052 1 228.9448 -52.903 -921.8693
transform "exmortis" 1 0.0083 0.0045 -0.0083 0.9999 -0.009 -0.0046 0.0089 0.9999 -328.5507 660.741 -402.8405
transform "hypnotize" 1 0.003 0.0038 -0.003 0.9999 0.0117 -0.0038 -0.0117 0.9999 244.6438 -96.9557 1110.9929
transform "poison" 0.9999 0.0098 0.0055 -0.0098 0.9999 -0.0037 -0.0056 0.0037 1 -553.4127 -831.5321 424.1548
transform "pulse" 0.9999 -0.0074 -0.0067 0.0074 1 -0.0033 0.0068 0.0032 1 1010.2034 -618.0876 -325.6181
transform "dach1" 1 0 0 0 1 0 0 0 1 337.2452 -128.8864 1142.8042
transform "dach2" 1 0 0 0 1 0 0 0 1 339.678 -128.8859 -1048.7075
transform "Object02" 1 0 0 0 1 0 0 0 1 202.9187 -99.1578 10.0656
transform "Object03" 1 0 0 0 1 0 0 0 1 213.0727 -76.7834 -637.4827
transform "Object01" 1 0 0 0 1 0 0 0 1 213.0727 -76.7834 692.5502
camera 41.2136 -570.6531 265.9295 243.3089 -72.7331 68.3062 0 50

frame 3
transform "Object" 0.9999 0.0136 0.0091 -0.0135 0.9999 -0.0054 -0.0092 0.0053 0.9999 272.7756 -74.3734 47.9484
transform "absence" 1 0.0042 -0.0071 -0.0043 0.9999 -0.0138 0.007 0.0138 0.9999 971.0107 628.5079 405.7413
transform "camorra" 0.9999 -0.0115 -0.002 0.0115 0.9999 -0.0078 0.002 0.0078 1 228.9199 -52.9309 -921.7712
transform "exmortis" 0.9999 0.0125 0.0067 -0.0124 0.9998 -0.0135 -0.0069 0.0134 0.9999 -328.5507 660.741 -402.8405
transform "hypnotize" 1 0.0045 0.0058 -0.0046 0.9998 0.0175 -0.0057 -0.0176 0.9998 244.6438 -96.9557 1110.9929
transform "poison" 0.9999 0.0147 0.0083 -0.0147 0.9999 -0.0056 -0.0084 0.0055 0.9999 -553.4127 -831.5321 424.1548
transform "pulse" 0.9999 -0.0112 -0.0101 0.0112 0.9999 -0.005 0.0102 0.0048 0.9999 1010.2034 -618.0876 -325.6181
transform "dach1" 1 0 0 0 1 0 0 0 1 337.2452 -128.8864 1142.8042
transform "dach2" 1 0 0 0 1 0 0 0 1 339.678 -128.8859 -1048.7075
transform "Object02" 1 0 0 0 1 0 0 0 1 202.9187 -99.1578 10.0656
transform "Object03" 1 0 0 0 1 0 0 0 1 213.0727 -76.7834 -637.4827
transform "Object01" 1 0 0 0 1 0 0 0 1 213.0727 -76.7834 692.5502
camera 40.116 -560.0062 261.5182 241.9704 -68.8249 64.5111 0 50

frame 4
transform "Object" 0.9998 0.0181 0.0122 -0.0181 0.9998 -0.0072 -0.0123 0.007 0.9999 272.7756 -74.3734 47.9484
transform "absence" 0.9999 0.0056 -0.0094 -0.0058 0.9998 -0.0184 0.0093 0.0185 0.9998 971.0107 628.5079 405.7413
transform "camorra" 0.9999 -0.0153 -0.0026 0.0153 0.9998 -0.0105 0.0027 0.0104 0.9999 228.895 -52.9587 -921.673
transform "exmortis" 0.9998 0.0167 0.009 -0.0165 0.9997 -0.0181 -0.0093 0.0179 0.9998 -328.5507 660.741 -402.8405
transform "hypnotize" 1 0.0059 0.0078 -0.0061 0.9997 0.0234 -0.0076 -0.0234 0.9997 244.6438 -96.9557 1110.9929
transform "poison" 0.9997 0.0196 0.0111 -0.0196 0.9998 -0.0076 -0.0113 0.0073 0.9999 -553.4127 -831.5321 424.1548
transform "pulse" 0.9998 -0.015 -0.0136 0.015 0.9999 -0.0067 0.0137 0.0065 0.9999 1010.2034 -618.0876 -325.6181
transform "dach1" 1 0 0 0 1 0 0 0 1 337.2452 -128.8864 1142.8042
transform "dach2" 1 0 0 0 1 0 0 0 1 339.678 -128.8859 -1048.7075
transform "Object02" 1 0 0 0 1 0 0 0 1 202.9187 -99.1578 10.0656
transform "Object03" 1 0 0 0 1 0 0 0 1 213.0727 -76.7834 -637.4827
transform "Object01" 1 0 0 0 1 0 0 0 1 213.0727 -76.7834 692.5502
camera 39.0189 -549.3614 257.1068 240.6331 -64.9184 60.7167 0 50

frame 5
transform "Object" 0.9996 0.0227 0.0153 -0.0226 0.9997 -0.009 -0.0155 0.0086 0.9998 272.7756 -74.3734 47.9484
transform "absence" 0.9999 0.007 -0.0118 -0.0073 0.9997 -0.0231 0.0117 0.0232 0.9997 971.0107 628.5079 405.7413
transform "camorra" 0.9998 -0.0192 -0.0031 0.0192 0.9997 -0.0132 0.0034 0.0131 0.9999 228.8701 -52.9866 -921.575
transform "exmortis" 0.9997 0.0209 0.0112 -0.0207 0.9995 -0.0227 -0.0117 0.0225 0.9997 -328.5507 660.741 -402.8405
transform "hypnotize" 0.9999 0.0074 0.0098 -0.0077 0.9995 0.0292 -0.0096 -0.0293 0.9995 244.6438 -96.9557 1110.9929
transform "poison" 0.9996 0.0246 0.0139 -0.0244 0.9997 -0.0095 -0.0142 0.0092 0.9999 -553.4127 -831.5321 424.1548
transform "pulse" 0.9997 -0.0189 -0.017 0.0188 0.9998 -0.0085 0.0172 0.0081 0.9998 1010.2034 -618.0876 -325.6181
transform "dach1" 1 0 0 0 1 0 0 0 1 337.2452 -128.8864 1142.8042
transform "dach2" 1 0 0 0 1 0 0 0 1 339.678 -128.8859 -1048.7075
transform "Object02" 1 0 0 0 1 0 0 0 1 202.9187 -99.1578 10.0656
transform "Object03" 1 0 0 0 1 0 0 0 1 213.0727 -76.7834 -637.4827
transform "Object01" 1 0 0 0 1 0 0 0 1 213.0727 -76.7834 692.5502
camera 37.9226 -538.7196 252.6955 239.2975 -61.0144 56.9232 0 50

frame 6
transform "Object" 0.9995 0.0273 0.0183 -0.0271 0.9996 -0.0107 -0.0186 0.0102 0.9998 272.7756 -74.3734 47.9484
transform "absence" 0.9999 0.0084 -0.0142 -0.0088 0.9996 -0.0279 0.014 0.028 0.9995 971.0107 628.5079 405.7413
transform "camorra" 0.9997 -0.0231 -0.0037 0.023 0.9996 -0.0159 0.004 0.0158 0.9999 228.8452 -53.0145 -921.4769
transform "exmortis" 0.9996 0.0252 0.0135 -0.0248 0.9993 -0.0274 -0.0142 0.027 0.9995 -328.5507 660.741 -402.8405
transform "hypnotize" 0.9999 0.0089 0.0119 -0.0093 0.9993 0.0351 -0.0116 -0.0352 0.9993 244.6438 -96.9557 1110.9929
transform "poison" 0.9994 0.0295 0.0167 -0.0293 0.9995 -0.0115 -0.0171 0.011 0.9998 -553.4127 -831.5321 424.1548
transform "pulse" 0.9995 -0.0228 -0.0205 0.0226 0.9997 -0.0103 0.0207 0.0098 0.9997 1010.2034 -618.0876 -325.6181
transform "dach1" 1 0 0 0 1 0 0 0 1 337.2452 -128.8864 1142.8042
transform "dach2" 1 0 0 0 1 0 0 0 1 339.678 -128.8859 -1048.7075
transform "Object02" 1 0 0 0 1 0 0 0 1 202.9187 -99.1578 10.0656
transform "Object03" 1 0 0 0 1 0 0 0 1 213.0727 -76.7834 -637.4827
transform "Object01" 1 0 0 0 1 0 0 0 1 213.0727 -76.7834 692.5502
camera 36.8272 -528.0816 248.2843 237.9639 -57.1133 53.1308 0 50

frame 7
transform "Object" 0.9993 0.0319 0.0214 -0.0317 0.9994 -0.0125 -0.0218 0.0118 0.9997 272.7756 -74.3734 47.9484
transform "absence" 0.9998 0.0098 -0.0166 -0.0104 0.9994 -0.0327 0.0163 0.0328 0.9993 971.0107 628.5079 405.7413
transform "camorra" 0.9996 -0.027 -0.0042 0.0269 0.9995 -0.0186 0.0047 0.0185 0.9998 228.8203 -53.0424 -921.3787
transform "exmortis" 0.9994 0.0294 0.0157 -0.0289 0.9991 -0.0321 -0.0167 0.0316 0.9994 -328.5507 660.741 -402.8405
transform "hypnotize" 0.9998 0.0103 0.014 -0.0109 0.9991 0.0409 -0.0136 -0.0411 0.9991 244.6438 -96.9557 1110.9929
transform "poison" 0.9992 0.0345 0.0195 -0.0342 0.9993 -0.0135 -0.02 0.0128 0.9997 -553.4127 -831.5321 424.1548
transform "pulse" 0.9994 -0.0268 -0.024 0.0265 0.9996 -0.0121 0.0243 0.0115 0.9996 1010.2034 -618.0876 -325.6181
transform "dach1" 1 0 0 0 1 0 0 0 1 337.2452 -128.8864 1142.8042
transform "dach2" 1 0 0 0 1 0 0 0 1 339.678 -128.8859 -1048.7075
transform "Object02" 1 0 0 0 1 0 0 0 1 202.9187 -99.1578 10.0656
transform "Object03" 1 0 0 0 1 0 0 0 1 213.0727 -76.7834 -637.4827
transform "Object01" 1 0 0 0 1 0 0 0 1 213.0727 -76.7834 692.5502
camera 35.7329 -517.4481 243.8732 236.6328 -53.2158 49.3398 0 50

frame 8
transform "Object" 0.999 0.0366 0.0245 -0.0362 0.9992 -0.0142 -0.025 0.0133 0.9996 272.7756 -74.3734 47.9484
transform "absence" 0.9998 0.0112 -0.019 -0.0119 0.9992 -0.0375 0.0185 0.0377 0.9991 971.0107 628.5079 405.7413
transform "camorra" 0.9995 -0.0309 -0.0047 0.0308 0.9993 -0.0213 0.0053 0.0212 0.9998 228.7954 -53.0703 -921.2806
transform "exmortis" 0.9993 0.0337 0.018 -0.033 0.9988 -0.0368 -0.0192 0.0362 0.9992 -328.5507 660.741 -402.8405
transform "hypnotize" 0.9998 0.0117 0.0162 -0.0125 0.9988 0.0468 -0.0156 -0.047 0.9988 244.6438 -96.9557 1110.9929
transform "poison" 0.999 0.0394 0.0223 -0.0391 0.9991 -0.0156 -0.0229 0.0147 0.9996 -553.4127 -831.5321 424.1548
transform "pulse" 0.9992 -0.0308 -0.0274 0.0304 0.9994 -0.014 0.0279 0.0131 0.9995 1010.2034 -618.0876 -325.6181
transform "dach1" 1 0 0 0 1 0 0 0 1 337.2452 -128.8864 1142.8042
transform "dach2" 1 0 0 0 1 0 0 0 1 339.678 -128.8859 -1048.7075
transform "Object02" 1 0 0 0 1 0 0 0 1 202.9187 -99.1578 10.0656
transform "Object03" 1 0 0 0 1 0 0 0 1 213.0727 -76.7834 -637.4827
transform "Object01" 1 0 0 0 1 0 0 0 1 213.0727 -76.7834 692.5502
camera 34.6399 -506.8198 239.4621 235.3046 -49.3225 45.5503 0 50

frame 9
transform "Object" 0.9988 0.0412 0.0277 -0.0408 0.999 -0.0159 -0.0283 0.0148 0.9995 272.7756 -74.3734 47.9484
transform "absence" 0.9997 0.0127 -0.0214 -0.0136 0.999 -0.0423 0.0208 0.0426 0.9989 971.0107 628.5079 405.7413
transform "camorra" 0.9994 -0.0348 -0.0051 0.0346 0.9991 -0.0241 0.006 0.0239 0.9997 228.7705 -53.0982 -921.1826
transform "exmortis" 0.9991 0.038 0.0202 -0.0371 0.9984 -0.0416 -0.0217 0.0408 0.9989 -328.5507 660.741 -402.8405
transform "hypnotize" 0.9997 0.0131 0.0184 -0.0141 0.9985 0.0527 -0.0176 -0.0529 0.9984 244.6438 -96.9557 1110.9929
transform "poison" 0.9987 0.0444 0.0252 -0.0439 0.9989 -0.0176 -0.0259 0.0165 0.9995 -553.4127 -831.5321 424.1548
transform "pulse" 0.9989 -0.0348 -0.031 0.0343 0.9993 -0.0159 0.0315 0.0148 0.9994 1010.2034 -618.0876 -325.6181
transform "dach1" 1 0 0 0 1 0 0 0 1 337.2452 -128.8864 1142.8042
transform "dach2" 1 0 0 0 1 0 0 0 1 339.678 -128.8859 -1048.7075
transform "Object02" 1 0 0 0 1 0 0 0 1 202.9187 -99.1578 10.0656
transform "Object03" 1 0 0 0 1 0 0 0 1 213.0727 -76.7834 -637.4827
transform "Object01" 1 0 0 0 1 0 0 0 1 213.0727 -76.7834 692.5502
camera 33.5483 -496.1976 235.0512 233.9796 -45.4339 41.7627 0 50

frame 10
transform "Object" 0.9985 0.0459 0.0308 -0.0453 0.9988 -0.0177 -0.0316 0.0163 0.9994 272.7756 -74.3734 47.9484
transform "absence" 0.9996 0.0141 -0.0238 -0.0152 0.9988 -0.0472 0.0231 0.0475 0.9986 971.0107 628.5079 405.7413
transform "camorra" 0.9992 -0.0387 -0.0056 0.0385 0.9989 -0.0269 0.0066 0.0266 0.9996 228.7457 -53.1261 -921.0844
transform "exmortis" 0.9989 0.0423 0.0224 -0.0412 0.9981 -0.0464 -0.0243 0.0455 0.9987 -328.5507 660.741 -402.8405
transform "hypnotize" 0.9997 0.0145 0.0206 -0.0157 0.9982 0.0585 -0.0197 -0.0588 0.9981 244.6438 -96.9557 1110.9929
transform "poison" 0.9984 0.0493 0.028 -0.0488 0.9986 -0.0197 -0.0289 0.0183 0.9994 -553.4127 -831.5321 424.1548
transform "pulse" 0.9986 -0.0388 -0.0345 0.0382 0.9991 -0.0178 0.0351 0.0165 0.9992 1010.2034 -618.0876 -325.6181
transform "dach1" 1 0 0 0 1 0 0 0 1 337.2452 -128.8864 1142.8042
transform "dach2" 1 0 0 0 1 0 0 0 1 339.678 -128.8859 -1048.7075
transform "Object02" 1 0 0 0 1 0 0 0 1 202.9187 -99.1578 10.0656
transform "Object03" 1 0 0 0 1 0 0 0 1 213.0727 -76.7834 -637.4827
transform "Object01" 1 0 0 0 1 0 0 0 1 213.0727 -76.7834 692.5502
camera 32.4583 -485.582 230.6404 232.6583 -41.5506 37.977 0 50

frame 11
transform "Object" 0.9981 0.0505 0.0339 -0.0499 0.9986 -0.0194 -0.0348 0.0177 0.9992 272.7756 -74.3734 47.9484
transform "absence" 0.9995 0.0155 -0.0262 -0.0169 0.9985 -0.0521 0.0254 0.0525 0.9983 971.0107 628.5079 405.7413
transform "camorra" 0.9991 -0.0426 -0.006 0.0424 0.9987 -0.0297 0.0072 0.0294 0.9995 228.7207 -53.154 -920.9863
transform "exmortis" 0.9986 0.0466 0.0246 -0.0453 0.9977 -0.0513 -0.027 0.0501 0.9984 -328.5507 660.741 -402.8405
transform "hypnotize" 0.9996 0.0159 0.0229 -0.0173 0.9978 0.0644 -0.0218 -0.0648 0.9977 244.6438 -96.9557 1110.9929
transform "poison" 0.998 0.0543 0.0308 -0.0536 0.9983 -0.0219 -0.0319 0.0202 0.9993 -553.4127 -831.5321 424.1548
transform "pulse" 0.9984 -0.043 -0.038 0.0422 0.9989 -0.0198 0.0388 0.0182 0.9991 1010.2034 -618.0876 -325.6181
transform "dach1" 1 0 0 0 1 0 0 0 1 337.2452 -128.8864 1142.8042
transform "dach2" 1 0 0 0 1 0 0 0 1 339.678 -128.8859 -1048.7075
transform "Object02" 1 0 0 0 1 0 0 0 1 202.9187 -99.1578 10.0656
transform "Object03" 1 0 0 0 1 0 0 0 1 213.0727 -76.7834 -637.4827
transform "Object01" 1 0 0 0 1 0 0 0 1 213.0727 -76.7834 692.5502
camera 31.3702 -474.974 226.2297 231.3411 -37.6734 34.1937 0 50

frame 12
transform "Object" 0.9978 0.0552 0.037 -0.0545 0.9983 -0.0211 -0.0381 0.019 0.9991 272.7756 -74.3734 47.9484
transform "absence" 0.9994 0.0169 -0.0286 -0.0185 0.9982 -0.0571 0.0276 0.0576 0.998 971.0107 628.5079 405.7413
transform "camorra" 0.9989 -0.0465 -0.0063 0.0463 0.9984 -0.0325 0.0078 0.0322 0.9995 228.6958 -53.1818 -920.8882
transform "exmortis" 0.9983 0.051 0.0269 -0.0494 0.9972 -0.0562 -0.0297 0.0548 0.9981 -328.5507 660.741 -402.8405
transform "hypnotize" 0.9995 0.0173 0.0252 -0.019 0.9973 0.0703 -0.0239 -0.0707 0.9972 244.6438 -96.9557 1110.9929
transform "poison" 0.9977 0.0593 0.0336 -0.0585 0.998 -0.024 -0.035 0.022 0.9991 -553.4127 -831.5321 424.1548
transform "pulse" 0.998 -0.0471 -0.0416 0.0462 0.9987 -0.0218 0.0426 0.0199 0.9989 1010.2034 -618.0876 -325.6181
transform "dach1" 1 0 0 0 1 0 0 0 1 337.2452 -128.8864 1142.8042
transform "dach2" 1 0 0 0 1 0 0 0 1 339.678 -128.8859 -1048.7075
transform "Object02" 1 0 0 0 1 0 0 0 1 202.9187 -99.1578 10.0656
transform "Object03" 1 0 0 0 1 0 0 0 1 213.0727 -76.7834 -637.4827
transform "Object01" 1 0 0 0 1 0 0 0 1 213.0727 -76.7834 692.5502
camera 30.284 -464.3742 221.8191 230.0285 -33.8026 30.4128 0 50

frame 13
transform "Object" 0.9974 0.0599 0.0402 -0.059 0.998 -0.0228 -0.0415 0.0204 0.9989 272.7756 -74.3734 47.9484
transform "absence" 0.9993 0.0184 -0.0311 -0.0203 0.9979 -0.0621 0.0298 0.0626 0.9976 971.0107 628.5079 405.7413
transform "camorra" 0.9987 -0.0505 -0.0067 0.0502 0.9981 -0.0353 0.0085 0.0349 0.9994 228.671 -53.2097 -920.7901
transform "exmortis" 0.998 0.0553 0.0291 -0.0535 0.9967 -0.0611 -0.0324 0.0594 0.9977 -328.5507 660.741 -402.8405
transform "hypnotize" 0.9994 0.0186 0.0275 -0.0207 0.9969 0.0761 -0.026 -0.0767 0.9967 244.6438 -96.9557 1110.9929
transform "poison" 0.9973 0.0642 0.0365 -0.0633 0.9977 -0.0262 -0.0381 0.0238 0.999 -553.4127 -831.5321 424.1548
transform "pulse" 0.9977 -0.0513 -0.0451 0.0502 0.9985 -0.0239 0.0463 0.0216 0.9987 1010.2034 -618.0876 -325.6181
transform "dach1" 1 0 0 0 1 0 0 0 1 337.2452 -128.8864 1142.8042
transform "dach2" 1 0 0 0 1 0 0 0 1 339.678 -128.8859 -1048.7075
transform "Object02" 1 0 0 0 1 0 0 0 1 202.9187 -99.1578 10.0656
transform "Object03" 1 0 0 0 1 0 0 0 1 213.0727 -76.7834 -637.4827
transform "Object01" 1 0 0 0 1 0 0 0 1 213.0727 -76.7834 692.5502
camera 29.2001 -453.7834 217.4087 228.7207 -29.939 26.6346 0 50

frame 14
transform "Object" 0.997 0.0646 0.0433 -0.0636 0.9977 -0.0245 -0.0448 0.0217 0.9988 272.7756 -74.3734 47.9484
transform "absence" 0.9992 0.0198 -0.0335 -0.022 0.9975 -0.0671 0.0321 0.0678 0.9972 971.0107 628.5079 405.7413
transform "camorra" 0.9985 -0.0544 -0.007 0.0541 0.9978 -0.0382 0.0091 0.0377 0.9992 228.6461 -53.2376 -920.692
transform "exmortis" 0.9977 0.0597 0.0313 -0.0575 0.9962 -0.0661 -0.0351 0.0641 0.9973 -328.5507 660.741 -402.8405
transform "hypnotize" 0.9994 0.02 0.0299 -0.0223 0.9964 0.082 -0.0281 -0.0826 0.9962 244.6438 -96.9557 1110.9929
transform "poison" 0.9968 0.0692 0.0393 -0.0681 0.9973 -0.0284 -0.0412 0.0256 0.9988 -553.4127 -831.5321 424.1548
transform "pulse" 0.9973 -0.0555 -0.0487 0.0543 0.9982 -0.026 0.0501 0.0233 0.9985 1010.2034 -618.0876 -325.6181
transform "dach1" 1 0 0 0 1 0 0 0 1 337.2452 -128.8864 1142.8042
transform "dach2" 1 0 0 0 1 0 0 0 1 339.678 -128.8859 -1048.7075
transform "Object02" 1 0 0 0 1 0 0 0 1 202.9187 -99.1578 10.0656
transform "Object03" 1 0 0 0 1 0 0 0 1 213.0727 -76.7834 -637.4827
transform "Object01" 1 0 0 0 1 0 0 0 1 213.0727 -76.7834 692.5502
camera 28.1185 -443.2024 212.9985 227.4183 -26.0832 22.8594 0 50

frame 15
transform "Object" 0.9965 0.0693 0.0465 -0.0682 0.9973 -0.0262 -0.0482 0.023 0.9986 272.7756 -74.3734 47.9484
transform "absence" 0.9991 0.0212 -0.0359 -0.0238 0.9971 -0.0721 0.0343 0.0729 0.9967 971.0107 628.5079 405.7413
transform "camorra" 0.9983 -0.0584 -0.0073 0.058 0.9975 -0.0411 0.0097 0.0406 0.9991 228.6212 -53.2655 -920.5939
transform "exmortis" 0.9974 0.0641 0.0335 -0.0616 0.9956 -0.0711 -0.0379 0.0688 0.9969 -328.5507 660.741 -402.8405
transform "hypnotize" 0.9993 0.0213 0.0323 -0.024 0.9958 0.0879 -0.0303 -0.0886 0.9956 244.6438 -96.9557 1110.9929
transform "poison" 0.9964 0.0742 0.0421 -0.073 0.9969 -0.0306 -0.0443 0.0274 0.9986 -553.4127 -831.5321 424.1548
transform "pulse" 0.9968 -0.0597 -0.0523 0.0583 0.9979 -0.0281 0.0539 0.025 0.9982 1010.2034 -618.0876 -325.6181
transform "dach1" 1 0 0 0 1 0 0 0 1 337.2452 -128.8864 1142.8042
transform "dach2" 1 0 0 0 1 0 0 0 1 339.678 -128.8859 -1048.7075
transform "Object02" 1 0 0 0 1 0 0 0 1 202.9187 -99.1578 10.0656
transform "Object03" 1 0 0 0 1 0 0 0 1 213.0727 -76.7834 -637.4827
transform "Object01" 1 0 0 0 1 0 0 0 1 213.0727 -76.7834 692.5502
camera 27.0394 -432.6318 208.5884 226.1216 -22.2357 19.0873 0 50

frame 16
transform "Object" 0.996 0.0741 0.0497 -0.0728 0.997 -0.0279 -0.0516 0.0242 0.9984 272.7756 -74.3734 47.9484
transform "absence" 0.999 0.0227 -0.0384 -0.0256 0.9967 -0.0772 0.0365 0.0781 0.9963 971.0107 628.5079 405.7413
transform "camorra" 0.998 -0.0624 -0.0076 0.062 0.9971 -0.044 0.0103 0.0434 0.999 228.5963 -53.2934 -920.4957
transform "exmortis" 0.997 0.0685 0.0357 -0.0656 0.9949 -0.0761 -0.0407 0.0735 0.9965 -328.5507 660.741 -402.8405
transform "hypnotize" 0.9991 0.0226 0.0347 -0.0258 0.9953 0.0938 -0.0324 -0.0946 0.995 244.6438 -96.9557 1110.9929
transform "poison" 0.9958 0.0792 0.045 -0.0778 0.9964 -0.0329 -0.0474 0.0293 0.9984 -553.4127 -831.5321 424.1548
transform "pulse" 0.9964 -0.064 -0.0559 0.0624 0.9976 -0.0303 0.0577 0.0267 0.998 1010.2034 -618.0876 -325.6181
transform "dach1" 1 0 0 0 1 0 0 0 1 337.2452 -128.8864 1142.8042
transform "dach2" 1 0 0 0 1 0 0 0 1 339.678 -128.8859 -1048.7075
transform "Object02" 1 0 0 0 1 0 0 0 1 202.9187 -99.1578 10.0656
transform "Object03" 1 0 0 0 1 0 0 0 1 213.0727 -76.7834 -637.4827
transform "Object01" 1 0 0 0 1 0 0 0 1 213.0727 -76.7834 692.5502
camera 25.9631 -422.0725 204.1785 224.8311 -18.397 15.3185 0 50

frame 17
transform "Object" 0.9955 0.0788 0.0528 -0.0773 0.9966 -0.0296 -0.055 0.0254 0.9982 272.7756 -74.3734 47.9484
transform "absence" 0.9989 0.0241 -0.0408 -0.0274 0.9962 -0.0823 0.0387 0.0833 0.9958 971.0107 628.5079 405.7413
transform "camorra" 0.9978 -0.0663 -0.0078 0.0659 0.9967 -0.0469 0.0109 0.0463 0.9989 228.5714 -53.3213 -920.3976
transform "exmortis" 0.9966 0.0729 0.0378 -0.0696 0.9943 -0.0812 -0.0435 0.0783 0.996 -328.5507 660.741 -402.8405
transform "hypnotize" 0.999 0.0239 0.0372 -0.0275 0.9946 0.0996 -0.0346 -0.1005 0.9943 244.6438 -96.9557 1110.9929
transform "poison" 0.9953 0.0842 0.0478 -0.0826 0.996 -0.0352 -0.0506 0.0311 0.9982 -553.4127 -831.5321 424.1548
transform "pulse" 0.9959 -0.0684 -0.0595 0.0665 0.9973 -0.0325 0.0616 0.0284 0.9977 1010.2034 -618.0876 -325.6181
transform "dach1" 1 0 0 0 1 0 0 0 1 337.2452 -128.8864 1142.8042
transform "dach2" 1 0 0 0 1 0 0 0 1 339.678 -128.8859 -1048.7075
transform "Object02" 1 0 0 0 1 0 0 0 1 202.9187 -99.1578 10.0656
transform "Object03" 1 0 0 0 1 0 0 0 1 213.0727 -76.7834 -637.4827
transform "Object01" 1 0 0 0 1 0 0 0 1 213.0727 -76.7834 692.5502
camera 24.8897 -411.5252 199.7689 223.5472 -14.568 11.5534 0 50

frame 18
transform "Object" 0.9949 0.0836 0.056 -0.0819 0.9961 -0.0313 -0.0584 0.0265 0.9979 272.7756 -74.3734 47.9484
transform "absence" 0.9987 0.0255 -0.0433 -0.0292 0.9957 -0.0874 0.0409 0.0886 0.9952 971.0107 628.5079 405.7413
transform "camorra" 0.9975 -0.0703 -0.0081 0.0698 0.9963 -0.0498 0.0115 0.0491 0.9987 228.5465 -53.3492 -920.2996
transform "exmortis" 0.9962 0.0773 0.04 -0.0737 0.9935 -0.0863 -0.0464 0.083 0.9955 -328.5507 660.741 -402.8405
transform "hypnotize" 0.9989 0.0252 0.0397 -0.0292 0.994 0.1055 -0.0368 -0.1065 0.9936 244.6438 -96.9557 1110.9929
transform "poison" 0.9947 0.0892 0.0506 -0.0874 0.9955 -0.0375 -0.0538 0.0329 0.998 -553.4127 -831.5321 424.1548
transform "pulse" 0.9954 -0.0727 -0.0632 0.0706 0.9969 -0.0347 0.0655 0.0301 0.9974 1010.2034 -618.0876 -325.6181
transform "dach1" 1 0 0 0 1 0 0 0 1 337.2452 -128.8864 1142.8042
transform "dach2" 1 0 0 0 1 0 0 0 1 339.678 -128.8859 -1048.7075
transform "Object02" 1 0 0 0 1 0 0 0 1 202.9187 -99.1578 10.0656
transform "Object03" 1 0 0 0 1 0 0 0 1 213.0727 -76.7834 -637.4827
transform "Object01" 1 0 0 0 1 0 0 0 1 213.0727 -76.7834 692.5502
camera 23.8194 -400.9906 195.3594 222.2702 -10.749 7.7922 0 50

frame 19
transform "Object" 0.9943 0.0884 0.0592 -0.0865 0.9957 -0.033 -0.0619 0.0276 0.9977 272.7756 -74.3734 47.9484
transform "absence" 0.9986 0.0269 -0.0458 -0.0311 0.9952 -0.0926 0.0431 0.0939 0.9947 971.0107 628.5079 405.7413
transform "camorra" 0.9972 -0.0743 -0.0083 0.0738 0.9959 -0.0528 0.0121 0.052 0.9986 228.5216 -53.3771 -920.2015
transform "exmortis" 0.9958 0.0818 0.0422 -0.0777 0.9928 -0.0914 -0.0493 0.0877 0.9949 -328.5507 660.741 -402.8405
transform "hypnotize" 0.9988 0.0264 0.0422 -0.031 0.9933 0.1113 -0.039 -0.1125 0.9929 244.6438 -96.9557 1110.9929
transform "poison" 0.9941 0.0942 0.0535 -0.0922 0.9949 -0.0398 -0.057 0.0347 0.9978 -553.4127 -831.5321 424.1548
transform "pulse" 0.9948 -0.0771 -0.0668 0.0748 0.9965 -0.037 0.0694 0.0318 0.9971 1010.2034 -618.0876 -325.6181
transform "dach1" 1 0 0 0 1 0 0 0 1 337.2452 -128.8864 1142.8042
transform "dach2" 1 0 0 0 1 0 0 0 1 339.678 -128.8859 -1048.7075
transform "Object02" 1 0 0 0 1 0 0 0 1 202.9187 -99.1578 10.0656
transform "Object03" 1 0 0 0 1 0 0 0 1 213.0727 -76.7834 -637.4827
transform "Object01" 1 0 0 0 1 0 0 0 1 213.0727 -76.7834 692.5502
camera 22.7523 -390.4696 190.9502 221.0006 -6.9407 4.035 0 50

frame 20
transform "Object" 0.9937 0.0931 0.0624 -0.0911 0.9952 -0.0346 -0.0653 0.0287 0.9974 272.7756 -74.3734 47.9484
transform "absence" 0.9984 0.0284 -0.0482 -0.033 0.9947 -0.0978 0.0452 0.0992 0.994 971.0107 628.5079 405.7413
transform "camorra" 0.9969 -0.0783 -0.0084 0.0777 0.9954 -0.0557 0.0127 0.0549 0.9984 228.4967 -53.4049 -920.1033
transform "exmortis" 0.9953 0.0862 0.0443 -0.0817 0.992 -0.0966 -0.0523 0.0925 0.9943 -328.5507 660.741 -402.8405
transform "hypnotize" 0.9986 0.0277 0.0448 -0.0327 0.9926 0.1172 -0.0412 -0.1185 0.9921 244.6438 -96.9557 1110.9929
transform "poison" 0.9935 0.0992 0.0563 -0.0969 0.9944 -0.0422 -0.0602 0.0364 0.9975 -553.4127 -831.5321 424.1548
transform "pulse" 0.9942 -0.0815 -0.0704 0.0789 0.9961 -0.0393 0.0734 0.0335 0.9967 1010.2034 -618.0876 -325.6181
transform "dach1" 1 0 0 0 1 0 0 0 1 337.2452 -128.8864 1142.8042
transform "dach2" 1 0 0 0 1 0 0 0 1 339.678 -128.8859 -1048.7075
transform "Object02" 1 0 0 0 1 0 0 0 1 202.9187 -99.1578 10.0656
transform "Object03" 1 0 0 0 1 0 0 0 1 213.0727 -76.7834 -637.4827
transform "Object01" 1 0 0 0 1 0 0 0 1 213.0727 -76.7834 692.5502
camera 21.6887 -379.9627 186.5412 219.7388 -3.1438 0.282 0 50

frame 21
transform "Object" 0.993 0.0979 0.0656 -0.0957 0.9947 -0.0363 -0.0688 0.0298 0.9972 272.7756 -74.3734 47.9484
transform "absence" 0.9983 0.0298 -0.0507 -0.0349 0.9941 -0.103 0.0474 0.1046 0.9934 971.0107 628.5079 405.7413
transform "camorra" 0.9966 -0.0823 -0.0086 0.0817 0.9949 -0.0587 0.0133 0.0578 0.9982 228.4718 -53.4328 -920.0052
transform "exmortis" 0.9948 0.0907 0.0465 -0.0856 0.9911 -0.1017 -0.0553 0.0972 0.9937 -328.5507 660.741 -402.8405
transform "hypnotize" 0.9985 0.0289 0.0474 -0.0345 0.9918 0.1231 -0.0434 -0.1245 0.9913 244.6438 -96.9557 1110.9929
transform "poison" 0.9928 0.1043 0.0592 -0.1017 0.9938 -0.0446 -0.0634 0.0382 0.9973 -553.4127 -831.5321 424.1548
transform "pulse" 0.9935 -0.086 -0.0741 0.0831 0.9957 -0.0416 0.0773 0.0352 0.9964 1010.2034 -618.0876 -325.6181
transform "dach1" 1 0 0 0 1 0 0 0 1 337.2452 -128.8864 1142.8042
transform "dach2" 1 0 0 0 1 0 0 0 1 339.678 -128.8859 -1048.7075
transform "Object02" 1 0 0 0 1 0 0 0 1 202.9187 -99.1578 10.0656
transform "Object03" 1 0 0 0 1 0 0 0 1 213.0727 -76.7834 -637.4827
transform "Object01" 1 0 0 0 1 0 0 0 1 213.0727 -76.7834 692.5502
camera 20.6287 -369.4709 182.1325 218.4852 0.6413 -3.4664 0 50

frame 22
transform "Object" 0.9923 0.1027 0.0688 -0.1003 0.9942 -0.038 -0.0723 0.0308 0.9969 272.7756 -74.3734 47.9484
transform "absence" 0.9981 0.0312 -0.0532 -0.0368 0.9934 -0.1082 0.0495 0.1099 0.9927 971.0107 628.5079 405.7413
transform "camorra" 0.9962 -0.0863 -0.0087 0.0856 0.9944 -0.0617 0.014 0.0607 0.9981 228.4469 -53.4607 -919.9071
transform "exmortis" 0.9943 0.0952 0.0486 -0.0896 0.9902 -0.107 -0.0583 0.102 0.9931 -328.5507 660.741 -402.8405
transform "hypnotize" 0.9983 0.0301 0.05 -0.0363 0.991 0.1289 -0.0457 -0.1305 0.9904 244.6438 -96.9557 1110.9929
transform "poison" 0.9921 0.1093 0.062 -0.1065 0.9932 -0.047 -0.0667 0.04 0.997 -553.4127 -831.5321 424.1548
transform "pulse" 0.9929 -0.0905 -0.0777 0.0873 0.9952 -0.044 0.0813 0.0369 0.996 1010.2034 -618.0876 -325.6181
transform "dach1" 1 0 0 0 1 0 0 0 1 337.2452 -128.8864 1142.8042
transform "dach2" 1 0 0 0 1 0 0 0 1 339.678 -128.8859 -1048.7075
transform "Object02" 1 0 0 0 1 0 0 0 1 202.9187 -99.1578 10.0656
transform "Object03" 1 0 0 0 1 0 0 0 1 213.0727 -76.7834 -637.4827
transform "Object01" 1 0 0 0 1 0 0 0 1 213.0727 -76.7834 692.5502
camera 19.5725 -358.9948 177.724 217.2402 4.4139 -7.2101 0 50

frame 23
transform "Object" 0.9916 0.1076 0.072 -0.1049 0.9937 -0.0396 -0.0758 0.0318 0.9966 272.7756 -74.3734 47.9484
transform "absence" 0.9979 0.0326 -0.0557 -0.0388 0.9928 -0.1134 0.0516 0.1154 0.992 971.0107 628.5079 405.7413
transform "camorra" 0.9959 -0.0903 -0.0088 0.0896 0.9939 -0.0647 0.0146 0.0636 0.9979 228.422 -53.4886 -919.809
transform "exmortis" 0.9937 0.0997 0.0507 -0.0936 0.9893 -0.1122 -0.0614 0.1068 0.9924 -328.5507 660.741 -402.8405
transform "hypnotize" 0.9981 0.0313 0.0526 -0.0381 0.9901 0.1348 -0.0479 -0.1365 0.9895 244.6438 -96.9557 1110.9929
transform "poison" 0.9913 0.1143 0.0648 -0.1112 0.9926 -0.0494 -0.07 0.0418 0.9967 -553.4127 -831.5321 424.1548
transform "pulse" 0.9921 -0.095 -0.0814 0.0915 0.9947 -0.0464 0.0854 0.0386 0.9956 1010.2034 -618.0876 -325.6181
transform "dach1" 1 0 0 0 1 0 0 0 1 337.2452 -128.8864 1142.8042
transform "dach2" 1 0 0 0 1 0 0 0 1 339.678 -128.8859 -1048.7075
transform "Object02" 1 0 0 0 1 0 0 0 1 202.9187 -99.1578 10.0656
transform "Object03" 1 0 0 0 1 0 0 0 1 213.0727 -76.7834 -637.4827
transform "Object01" 1 0 0 0 1 0 0 0 1 213.0727 -76.7834 692.5502
camera 18.5204 -348.5352 173.3159 216.0042 8.1734 -10.9488 0 50

frame 24
transform "Object" 0.9908 0.1124 0.0752 -0.1095 0.9931 -0.0413 -0.0794 0.0327 0.9963 272.7756 -74.3734 47.9484
transform "absence" 0.9977 0.0341 -0.0582 -0.0408 0.9921 -0.1187 0.0537 0.1208 0.9912 971.0107 628.5079 405.7413
transform "camorra" 0.9955 -0.0943 -0.0088 0.0935 0.9933 -0.0677 0.0152 0.0666 0.9977 228.3971 -53.5165 -919.7109
transform "exmortis" 0.9931 0.1043 0.0528 -0.0975 0.9883 -0.1175 -0.0644 0.1116 0.9917 -328.5507 660.741 -402.8405
transform "hypnotize" 0.9979 0.0325 0.0553 -0.04 0.9893 0.1406 -0.0502 -0.1425 0.9885 244.6438 -96.9557 1110.9929
transform "poison" 0.9905 0.1194 0.0677 -0.116 0.9919 -0.0519 -0.0733 0.0435 0.9964 -553.4127 -831.5321 424.1548
transform "pulse" 0.9914 -0.0996 -0.0851 0.0957 0.9942 -0.0488 0.0894 0.0403 0.9952 1010.2034 -618.0876 -325.6181
transform "dach1" 1 0 0 0 1 0 0 0 1 337.2452 -128.8864 1142.8042
transform "dach2" 1 0 0 0 1 0 0 0 1 339.678 -128.8859 -1048.7075
transform "Object02" 1 0 0 0 1 0 0 0 1 202.9187 -99.1578 10.0656
transform "Object03" 1 0 0 0 1 0 0 0 1 213.0727 -76.7834 -637.4827
transform "Object01" 1 0 0 0 1 0 0 0 1 213.0727 -76.7834 692.5502
camera 17.4724 -338.0928 168.908 214.7777 11.9192 -14.6823 0 50

frame 25
transform "Object" 0.99 0.1172 0.0785 -0.1141 0.9925 -0.043 -0.0829 0.0336 0.996 272.7756 -74.3734 47.9484
transform "absence" 0.9975 0.0355 -0.0608 -0.0428 0.9914 -0.124 0.0558 0.1263 0.9904 971.0107 628.5079 405.7413
transform "camorra" 0.9951 -0.0984 -0.0089 0.0975 0.9927 -0.0708 0.0158 0.0695 0.9975 228.3722 -53.5444 -919.6128
transform "exmortis" 0.9925 0.1088 0.0549 -0.1014 0.9872 -0.1228 -0.0676 0.1163 0.9909 -328.5507 660.741 -402.8405
transform "hypnotize" 0.9977 0.0336 0.058 -0.0418 0.9883 0.1464 -0.0524 -0.1485 0.9875 244.6438 -96.9557 1110.9929
transform "poison" 0.9897 0.1244 0.0705 -0.1207 0.9912 -0.0544 -0.0766 0.0453 0.996 -553.4127 -831.5321 424.1548
transform "pulse" 0.9906 -0.1042 -0.0887 0.0999 0.9937 -0.0513 0.0935 0.042 0.9947 1010.2034 -618.0876 -325.6181
transform "dach1" 1 0 0 0 1 0 0 0 1 337.2452 -128.8864 1142.8042
transform "dach2" 1 0 0 0 1 0 0 0 1 339.678 -128.8859 -1048.7075
transform "Object02" 1 0 0 0 1 0 0 0 1 202.9187 -99.1578 10.0656
transform "Object03" 1 0 0 0 1 0 0 0 1 213.0727 -76.7834 -637.4827
transform "Object01" 1 0 0 0 1 0 0 0 1 213.0727 -76.7834 692.5502
camera 16.4288 -327.6684 164.5005 213.561 15.6507 -18.4105 0 50

frame 26
transform "Object" 0.9892 0.122 0.0817 -0.1187 0.9919 -0.0446 -0.0865 0.0345 0.9957 272.7756 -74.3734 47.9484
transform "absence" 0.9973 0.0369 -0.0633 -0.0448 0.9906 -0.1293 0.0579 0.1318 0.9896 971.0107 628.5079 405.7413
transform "camorra" 0.9947 -0.1024 -0.0089 0.1015 0.9921 -0.0738 0.0164 0.0725 0.9972 228.3473 -53.5723 -919.5147
transform "exmortis" 0.9919 0.1134 0.057 -0.1054 0.9861 -0.1282 -0.0707 0.1211 0.9901 -328.5507 660.741 -402.8405
transform "hypnotize" 0.9975 0.0348 0.0608 -0.0437 0.9874 0.1523 -0.0547 -0.1545 0.9865 244.6438 -96.9557 1110.9929
transform "poison" 0.9889 0.1294 0.0733 -0.1254 0.9905 -0.0569 -0.08 0.047 0.9957 -553.4127 -831.5321 424.1548
transform "pulse" 0.9898 -0.1088 -0.0924 0.1041 0.9931 -0.0538 0.0976 0.0437 0.9943 1010.2034 -618.0876 -325.6181
transform "dach1" 1 0 0 0 1 0 0 0 1 337.2452 -128.8864 1142.8042
transform "dach2" 1 0 0 0 1 0 0 0 1 339.678 -128.8859 -1048.7075
transform "Object02" 1 0 0 0 1 0 0 0 1 202.9187 -99.1578 10.0656
transform "Object03" 1 0 0 0 1 0 0 0 1 213.0727 -76.7834 -637.4827
transform "Object01" 1 0 0 0 1 0 0 0 1 213.0727 -76.7834 692.5502
camera 15.3897 -317.2628 160.0932 212.3545 19.3673 -22.133 0 50

frame 27
transform "Object" 0.9883 0.1269 0.0849 -0.1233 0.9913 -0.0463 -0.0901 0.0353 0.9953 272.7756 -74.3734 47.9484
transform "absence" 0.9971 0.0383 -0.0658 -0.0469 0.9898 -0.1347 0.06 0.1374 0.9887 971.0107 628.5079 405.7413
transform "camorra" 0.9943 -0.1064 -0.0089 0.1054 0.9915 -0.0769 0.017 0.0755 0.997 228.3224 -53.6002 -919.4166
transform "exmortis" 0.9913 0.1179 0.059 -0.1092 0.985 -0.1335 -0.0739 0.1259 0.9893 -328.5507 660.741 -402.8405
transform "hypnotize" 0.9973 0.0359 0.0635 -0.0456 0.9864 0.1581 -0.057 -0.1606 0.9854 244.6438 -96.9557 1110.9929
transform "poison" 0.988 0.1345 0.0761 -0.1301 0.9897 -0.0594 -0.0833 0.0488 0.9953 -553.4127 -831.5321 424.1548
transform "pulse" 0.9889 -0.1134 -0.0961 0.1084 0.9925 -0.0564 0.1018 0.0453 0.9938 1010.2034 -618.0876 -325.6181
transform "dach1" 1 0 0 0 1 0 0 0 1 337.2452 -128.8864 1142.8042
transform "dach2" 1 0 0 0 1 0 0 0 1 339.678 -128.8859 -1048.7075
transform "Object02" 1 0 0 0 1 0 0 0 1 202.9187 -99.1578 10.0656
transform "Object03" 1 0 0 0 1 0 0 0 1 213.0727 -76.7834 -637.4827
transform "Object01" 1 0 0 0 1 0 0 0 1 213.0727 -76.7834 692.5502
camera 14.3553 -306.8766 155.6863 211.1588 23.0685 -25.8496 0 50

frame 28
transform "Object" 0.9874 0.1317 0.0882 -0.1279 0.9906 -0.048 -0.0937 0.0361 0.995 272.7756 -74.3734 47.9484
transform "absence" 0.9969 0.0397 -0.0684 -0.049 0.9889 -0.14 0.0621 0.1429 0.9878 971.0107 628.5079 405.7413
transform "camorra" 0.9938 -0.1105 -0.0088 0.1094 0.9908 -0.0799 0.0176 0.0785 0.9968 228.2975 -53.6281 -919.3185
transform "exmortis" 0.9906 0.1225 0.0611 -0.1131 0.9838 -0.1389 -0.0771 0.1307 0.9884 -328.5507 660.741 -402.8405
transform "hypnotize" 0.9971 0.037 0.0663 -0.0474 0.9853 0.1639 -0.0593 -0.1666 0.9842 244.6438 -96.9557 1110.9929
transform "poison" 0.9871 0.1395 0.079 -0.1348 0.9889 -0.062 -0.0867 0.0505 0.995 -553.4127 -831.5321 424.1548
transform "pulse" 0.988 -0.1181 -0.0998 0.1126 0.9919 -0.059 0.1059 0.047 0.9933 1010.2034 -618.0876 -325.6181
transform "dach1" 1 0 0 0 1 0 0 0 1 337.2452 -128.8864 1142.8042
transform "dach2" 1 0 0 0 1 0 0 0 1 339.678 -128.8859 -1048.7075
transform "Object02" 1 0 0 0 1 0 0 0 1 202.9187 -99.1578 10.0656
transform "Object03" 1 0 0 0 1 0 0 0 1 213.0727 -76.7834 -637.4827
transform "Object01" 1 0 0 0 1 0 0 0 1 213.0727 -76.7834 692.5502
camera 13.3259 -296.5107 151.2797 209.974 26.7536 -29.5602 0 50

frame 29
transform "Object" 0.9864 0.1366 0.0914 -0.1325 0.9899 -0.0496 -0.0973 0.0368 0.9946 272.7756 -74.3734 47.9484
transform "absence" 0.9966 0.0411 -0.0709 -0.0511 0.9881 -0.1454 0.0641 0.1485 0.9868 971.0107 628.5079 405.7413
transform "camorra" 0.9934 -0.1145 -0.0088 0.1134 0.9901 -0.083 0.0182 0.0815 0.9965 228.2726 -53.6559 -919.2204
transform "exmortis" 0.9899 0.1271 0.0631 -0.117 0.9826 -0.1443 -0.0804 0.1355 0.9875 -328.5507 660.741 -402.8405
transform "hypnotize" 0.9969 0.0381 0.0691 -0.0494 0.9843 0.1697 -0.0616 -0.1726 0.9831 244.6438 -96.9557 1110.9929
transform "poison" 0.9861 0.1446 0.0818 -0.1395 0.9881 -0.0646 -0.0901 0.0522 0.9946 -553.4127 -831.5321 424.1548
transform "pulse" 0.987 -0.1228 -0.1035 0.1169 0.9912 -0.0616 0.1101 0.0487 0.9927 1010.2034 -618.0876 -325.6181
transform "dach1" 1 0 0 0 1 0 0 0 1 337.2452 -128.8864 1142.8042
transform "dach2" 1 0 0 0 1 0 0 0 1 339.678 -128.8859 -1048.7075
transform "Object02" 1 0 0 0 1 0 0 0 1 202.9187 -99.1578 10.0656
transform "Object03" 1 0 0 0 1 0 0 0 1 213.0727 -76.7834 -637.4827
transform "Object01" 1 0 0 0 1 0 0 0 1 213.0727 -76.7834 692.5502
camera 12.3015 -286.1657 146.8735 208.8008 30.4221 -33.2644 0 50

frame 30
transform "Object" 0.9854 0.1415 0.0946 -0.1371 0.9892 -0.0513 -0.1009 0.0376 0.9942 272.7756 -74.3734 47.9484
transform "absence" 0.9964 0.0425 -0.0735 -0.0532 0.9871 -0.1508 0.0661 0.1542 0.9858 971.0107 628.5079 405.7413
transform "camorra" 0.9929 -0.1186 -0.0087 0.1174 0.9893 -0.0861 0.0188 0.0845 0.9962 228.2477 -53.6838 -919.1222
transform "exmortis" 0.9891 0.1317 0.0651 -0.1208 0.9813 -0.1498 -0.0836 0.1403 0.9866 -328.5507 660.741 -402.8405
transform "hypnotize" 0.9966 0.0391 0.072 -0.0513 0.9831 0.1755 -0.0639 -0.1786 0.9818 244.6438 -96.9557 1110.9929
transform "poison" 0.9851 0.1496 0.0846 -0.1442 0.9873 -0.0672 -0.0936 0.054 0.9942 -553.4127 -831.5321 424.1548
transform "pulse" 0.986 -0.1275 -0.1071 0.1212 0.9906 -0.0642 0.1143 0.0503 0.9922 1010.2034 -618.0876 -325.6181
transform "dach1" 1 0 0 0 1 0 0 0 1 337.2452 -128.8864 1142.8042
transform "dach2" 1 0 0 0 1 0 0 0 1 339.678 -128.8859 -1048.7075
transform "Object02" 1 0 0 0 1 0 0 0 1 202.9187 -99.1578 10.0656
transform "Object03" 1 0 0 0 1 0 0 0 1 213.0727 -76.7834 -637.4827
transform "Object01" 1 0 0 0 1 0 0 0 1 213.0727 -76.7834 692.5502
camera 11.2824 -275.8426 142.4677 207.6395 34.0733 -36.9621 0 50

frame 31
transform "Object" 0.9844 0.1463 0.0979 -0.1417 0.9885 -0.053 -0.1045 0.0383 0.9938 272.7756 -74.3734 47.9484
transform "absence" 0.9961 0.0439 -0.076 -0.0553 0.9862 -0.1562 0.0681 0.1598 0.9848 971.0107 628.5079 405.7413
transform "camorra" 0.9924 -0.1226 -0.0086 0.1214 0.9886 -0.0892 0.0194 0.0875 0.996 228.2228 -53.7117 -919.0241
transform "exmortis" 0.9884 0.1364 0.0671 -0.1247 0.98 -0.1552 -0.0869 0.1451 0.9856 -328.5507 660.741 -402.8405
transform "hypnotize" 0.9964 0.0402 0.0749 -0.0532 0.982 0.1813 -0.0662 -0.1847 0.9806 244.6438 -96.9557 1110.9929
transform "poison" 0.9841 0.1547 0.0874 -0.1489 0.9864 -0.0698 -0.097 0.0557 0.9937 -553.4127 -831.5321 424.1548
transform "pulse" 0.985 -0.1323 -0.1108 0.1254 0.9898 -0.0669 0.1185 0.052 0.9916 1010.2034 -618.0876 -325.6181
transform "dach1" 1 0 0 0 1 0 0 0 1 337.2452 -128.8864 1142.8042
transform "dach2" 1 0 0 0 1 0 0 0 1 339.678 -128.8859 -1048.7075
transform "Object02" 1 0 0 0 1 0 0 0 1 202.9187 -99.1578 10.0656
transform "Object03" 1 0 0 0 1 0 0 0 1 213.0727 -76.7834 -637.4827
transform "Object01" 1 0 0 0 1 0 0 0 1 213.0727 -76.7834 692.5502
camera 10.2687 -265.5419 138.0622 206.4905 37.7067 -40.653 0 50

frame 32
transform "Object" 0.9833 0.1512 0.1011 -0.1463 0.9877 -0.0546 -0.1081 0.0389 0.9934 272.7756 -74.3734 47.9484
transform "absence" 0.9959 0.0452 -0.0786 -0.0575 0.9852 -0.1616 0.0701 0.1655 0.9837 971.0107 628.5079 405.7413
transform "camorra" 0.9919 -0.1267 -0.0084 0.1253 0.9878 -0.0924 0.02 0.0906 0.9957 228.198 -53.7396 -918.926
transform "exmortis" 0.9876 0.141 0.0691 -0.1285 0.9786 -0.1607 -0.0903 0.1498 0.9846 -328.5507 660.741 -402.8405
transform "hypnotize" 0.9961 0.0412 0.0778 -0.0552 0.9808 0.1871 -0.0686 -0.1907 0.9793 244.6438 -96.9557 1110.9929
transform "poison" 0.983 0.1598 0.0902 -0.1535 0.9855 -0.0724 -0.1004 0.0574 0.9933 -553.4127 -831.5321 424.1548
transform "pulse" 0.9839 -0.1371 -0.1145 0.1297 0.9891 -0.0696 0.1228 0.0536 0.991 1010.2034 -618.0876 -325.6181
transform "dach1" 1 0 0 0 1 0 0 0 1 337.2452 -128.8864 1142.8042
transform "dach2" 1 0 0 0 1 0 0 0 1 339.678 -128.8859 -1048.7075
transform "Object02" 1 0 0 0 1 0 0 0 1 202.9187 -99.1578 10.0656
transform "Object03" 1 0 0 0 1 0 0 0 1 213.0727 -76.7834 -637.4827
transform "Object01" 1 0 0 0 1 0 0 0 1 213.0727 -76.7834 692.5502
camera 9.2607 -255.2644 133.6572 205.3542 41.3216 -44.3369 0 50

frame 33
transform "Object" 0.9822 0.1561 0.1044 -0.1509 0.9869 -0.0563 -0.1118 0.0395 0.9929 272.7756 -74.3734 47.9484
transform "absence" 0.9956 0.0466 -0.0812 -0.0597 0.9841 -0.1671 0.0721 0.1712 0.9826 971.0107 628.5079 405.7413
transform "camorra" 0.9914 -0.1307 -0.0083 0.1293 0.987 -0.0955 0.0207 0.0936 0.9954 228.1731 -53.7675 -918.8279
transform "exmortis" 0.9868 0.1457 0.0711 -0.1323 0.9772 -0.1662 -0.0937 0.1546 0.9835 -328.5507 660.741 -402.8405
transform "hypnotize" 0.9958 0.0422 0.0807 -0.0571 0.9796 0.1929 -0.0709 -0.1967 0.9779 244.6438 -96.9557 1110.9929
