VERSION 201

frame 0
transform "Object04" 1 0 0 0 1 0 0 0 1 374.5507 715.011 -311.859
light "Light01" 349.4058 635.5046 -115.0935 0.7059 0.7059 0.7059
transform "02" 1 0 0 0 1 0 0 0 1 348.1265 636.2258 -213.165
transform "Object01" 1 0 0 0 1 0 0 0 1 813.8301 205.5893 261.5015
transform "Object02" 1 0 0 0 1 0 0 0 1 1008.2852 1188.3159 261.5014
transform "Object03" 1 0 0 0 1 0 0 0 1 -160.5589 1192.2412 261.5013
transform "Object05" 1 0 0 0 1 0 0 0 1 -206.5899 180.3824 261.5012
transform "Object" 1 0 0 0 1 0 0 0 1 351.2977 645.9268 291.1765
camera 446.0504 -1083.7036 1394.8401 366.7465 339.2181 1857.9724 0 50

frame 1
transform "Object04" 1 0 0 0 1 0 0 0 1 374.5507 715.011 -311.859
light "Light01" 349.4058 635.5046 -115.0935 0.7059 0.7059 0.7059
transform "02" 1 0 0 0 1 0 0 0 1 348.1265 636.2258 -213.165
transform "Object01" 1 0 0 0 1 0 0 0 1 813.8301 205.5893 261.5015
transform "Object02" 1 0 0 0 1 0 0 0 1 1008.2852 1188.3159 261.5014
transform "Object03" 1 0 0 0 1 0 0 0 1 -160.5589 1192.2412 261.5013
transform "Object05" 1 0 0 0 1 0 0 0 1 -206.5899 180.3824 261.5012
transform "Object" 0.9997 0.0241 -0.0024 -0.024 0.9996 0.0131 0.0027 -0.0131 0.9999 351.2977 645.9268 291.1765
camera 447.3545 -1081.533 1373.6792 366.7465 344.7604 1830.9821 0 50

frame 2
transform "Object04" 1 0 0 0 1 0 0 0 1 374.5507 715.011 -311.859
light "Light01" 349.4058 635.5046 -115.0935 0.7059 0.7059 0.7059
transform "02" 1 0 0 0 1 0 0 0 1 348.1265 636.2258 -213.165
transform "Object01" 1 0 0 0 1 0 0 0 1 813.8301 205.5893 261.5015
transform "Object02" 1 0 0 0 1 0 0 0 1 1008.2852 1188.3159 261.5014
transform "Object03" 1 0 0 0 1 0 0 0 1 -160.5589 1192.2412 261.5013
transform "Object05" 1 0 0 0 1 0 0 0 1 -206.5899 180.3824 261.5012
transform "Object" 0.9988 0.0484 -0.0043 -0.0483 0.9985 0.0262 0.0056 -0.026 0.9996 351.2977 645.9268 291.1765
camera 448.6574 -1079.3607 1352.5227 366.7465 350.301 1803.9993 0 50

frame 3
transform "Object04" 1 0 0 0 1 0 0 0 1 374.5507 715.011 -311.859
light "Light01" 349.4058 635.5046 -115.0935 0.7059 0.7059 0.7059
transform "02" 1 0 0 0 1 0 0 0 1 348.1265 636.2258 -213.165
transform "Object01" 1 0 0 0 1 0 0 0 1 813.8301 205.5893 261.5015
transform "Object02" 1 0 0 0 1 0 0 0 1 1008.2852 1188.3159 261.5014
transform "Object03" 1 0 0 0 1 0 0 0 1 -160.5589 1192.2412 261.5013
transform "Object05" 1 0 0 0 1 0 0 0 1 -206.5899 180.3824 261.5012
transform "Object" 0.9973 0.073 -0.0057 -0.0728 0.9966 0.0393 0.0085 -0.0388 0.9992 351.2977 645.9268 291.1765
camera 449.9577 -1077.1851 1331.3751 366.7465 355.8382 1777.0315 0 50

frame 4
transform "Object04" 1 0 0 0 1 0 0 0 1 374.5507 715.011 -311.859
light "Light01" 349.4058 635.5046 -115.0935 0.7059 0.7059 0.7059
transform "02" 1 0 0 0 1 0 0 0 1 348.1265 636.2258 -213.165
transform "Object01" 1 0 0 0 1 0 0 0 1 813.8301 205.5893 261.5015
transform "Object02" 1 0 0 0 1 0 0 0 1 1008.2852 1188.3159 261.5014
transform "Object03" 1 0 0 0 1 0 0 0 1 -160.5589 1192.2412 261.5013
transform "Object05" 1 0 0 0 1 0 0 0 1 -206.5899 180.3824 261.5012
transform "Object" 0.9952 0.0979 -0.0065 -0.0974 0.9939 0.0523 0.0116 -0.0515 0.9986 351.2977 645.9268 291.1765
camera 451.2541 -1075.0044 1310.2407 366.7465 361.3705 1750.0865 0 50

frame 5
transform "Object04" 1 0 0 0 1 0 0 0 1 374.5507 715.011 -311.859
light "Light01" 349.4058 635.5046 -115.0935 0.7059 0.7059 0.7059
transform "02" 1 0 0 0 1 0 0 0 1 348.1265 636.2258 -213.165
transform "Object01" 1 0 0 0 1 0 0 0 1 813.8301 205.5893 261.5015
transform "Object02" 1 0 0 0 1 0 0 0 1 1008.2852 1188.3159 261.5014
transform "Object03" 1 0 0 0 1 0 0 0 1 -160.5589 1192.2412 261.5013
transform "Object05" 1 0 0 0 1 0 0 0 1 -206.5899 180.3824 261.5012
transform "Object" 0.9924 0.1228 -0.0069 -0.1221 0.9904 0.0654 0.0149 -0.064 0.9978 351.2977 645.9268 291.1765
camera 452.5454 -1072.8171 1289.1241 366.7465 366.8962 1723.1719 0 50

frame 6
transform "Object04" 1 0 0 0 1 0 0 0 1 374.5507 715.011 -311.859
light "Light01" 349.4058 635.5046 -115.0935 0.7059 0.7059 0.7059
transform "02" 1 0 0 0 1 0 0 0 1 348.1265 636.2258 -213.165
transform "Object01" 1 0 0 0 1 0 0 0 1 813.8301 205.5893 261.5015
transform "Object02" 1 0 0 0 1 0 0 0 1 1008.2852 1188.3159 261.5014
transform "Object03" 1 0 0 0 1 0 0 0 1 -160.5589 1192.2412 261.5013
transform "Object05" 1 0 0 0 1 0 0 0 1 -206.5899 180.3824 261.5012
transform "Object" 0.989 0.1479 -0.0068 -0.147 0.986 0.0783 0.0183 -0.0764 0.9969 351.2977 645.9268 291.1765
camera 453.8303 -1070.6215 1268.0295 366.7465 372.4136 1696.2949 0 50

frame 7
transform "Object04" 1 0 0 0 1 0 0 0 1 374.5507 715.011 -311.859
light "Light01" 349.4058 635.5046 -115.0935 0.7059 0.7059 0.7059
transform "02" 1 0 0 0 1 0 0 0 1 348.1265 636.2258 -213.165
transform "Object01" 1 0 0 0 1 0 0 0 1 813.8301 205.5893 261.5015
transform "Object02" 1 0 0 0 1 0 0 0 1 1008.2852 1188.3159 261.5014
transform "Object03" 1 0 0 0 1 0 0 0 1 -160.5589 1192.2412 261.5013
transform "Object05" 1 0 0 0 1 0 0 0 1 -206.5899 180.3824 261.5012
transform "Object" 0.9849 0.1731 -0.0062 -0.1718 0.9809 0.0912 0.0219 -0.0887 0.9958 351.2977 645.9268 291.1765
camera 455.1074 -1068.4158 1246.9617 366.7465 377.921 1669.4635 0 50

frame 8
transform "Object04" 1 0 0 0 1 0 0 0 1 374.5507 715.011 -311.859
light "Light01" 349.4058 635.5046 -115.0935 0.7059 0.7059 0.7059
transform "02" 1 0 0 0 1 0 0 0 1 348.1265 636.2258 -213.165
transform "Object01" 1 0 0 0 1 0 0 0 1 813.8301 205.5893 261.5015
transform "Object02" 1 0 0 0 1 0 0 0 1 1008.2852 1188.3159 261.5014
transform "Object03" 1 0 0 0 1 0 0 0 1 -160.5589 1192.2412 261.5013
transform "Object05" 1 0 0 0 1 0 0 0 1 -206.5899 180.3824 261.5012
transform "Object" 0.9801 0.1983 -0.0052 -0.1967 0.9749 0.104 0.0257 -0.1009 0.9946 351.2977 645.9268 291.1765
camera 456.3755 -1066.1984 1225.9247 366.7465 383.4169 1642.6851 0 50

frame 9
transform "Object04" 1 0 0 0 1 0 0 0 1 374.5507 715.011 -311.859
light "Light01" 349.4058 635.5046 -115.0935 0.7059 0.7059 0.7059
transform "02" 1 0 0 0 1 0 0 0 1 348.1265 636.2258 -213.165
transform "Object01" 1 0 0 0 1 0 0 0 1 813.8301 205.5893 261.5015
transform "Object02" 1 0 0 0 1 0 0 0 1 1008.2852 1188.3159 261.5014
transform "Object03" 1 0 0 0 1 0 0 0 1 -160.5589 1192.2412 261.5013
transform "Object05" 1 0 0 0 1 0 0 0 1 -206.5899 180.3824 261.5012
transform "Object" 0.9747 0.2235 -0.0037 -0.2216 0.9681 0.1167 0.0296 -0.1129 0.9932 351.2977 645.9268 291.1765
camera 457.6334 -1063.9677 1204.9231 366.7465 388.8995 1615.9672 0 50

frame 10
transform "Object04" 1 0 0 0 1 0 0 0 1 374.5507 715.011 -311.859
light "Light01" 349.4058 635.5046 -115.0935 0.7059 0.7059 0.7059
transform "02" 1 0 0 0 1 0 0 0 1 348.1265 636.2258 -213.165
transform "Object01" 1 0 0 0 1 0 0 0 1 813.8301 205.5893 261.5015
transform "Object02" 1 0 0 0 1 0 0 0 1 1008.2852 1188.3159 261.5014
transform "Object03" 1 0 0 0 1 0 0 0 1 -160.5589 1192.2412 261.5013
transform "Object05" 1 0 0 0 1 0 0 0 1 -206.5899 180.3824 261.5012
transform "Object" 0.9686 0.2487 -0.0018 -0.2464 0.9605 0.1293 0.0338 -0.1248 0.9916 351.2977 645.9268 291.1765
camera 458.8797 -1061.7219 1183.9614 366.7465 394.3672 1589.3175 0 50

frame 11
transform "Object04" 1 0 0 0 1 0 0 0 1 374.5507 715.011 -311.859
light "Light01" 349.4058 635.5046 -115.0935 0.7059 0.7059 0.7059
transform "02" 1 0 0 0 1 0 0 0 1 348.1265 636.2258 -213.165
transform "Object01" 1 0 0 0 1 0 0 0 1 813.8301 205.5893 261.5015
transform "Object02" 1 0 0 0 1 0 0 0 1 1008.2852 1188.3159 261.5014
transform "Object03" 1 0 0 0 1 0 0 0 1 -160.5589 1192.2412 261.5013
transform "Object05" 1 0 0 0 1 0 0 0 1 -206.5899 180.3824 261.5012
transform "Object" 0.9618 0.2738 0.0006 -0.2711 0.9521 0.1418 0.0383 -0.1365 0.9899 351.2977 645.9268 291.1765
camera 460.113 -1059.4595 1163.0439 366.7465 399.8184 1562.7433 0 50

frame 12
transform "Object04" 1 0 0 0 1 0 0 0 1 374.5507 715.011 -311.859
light "Light01" 349.4058 635.5046 -115.0935 0.7059 0.7059 0.7059
transform "02" 1 0 0 0 1 0 0 0 1 348.1265 636.2258 -213.165
transform "Object01" 1 0 0 0 1 0 0 0 1 813.8301 205.5893 261.5015
transform "Object02" 1 0 0 0 1 0 0 0 1 1008.2852 1188.3159 261.5014
transform "Object03" 1 0 0 0 1 0 0 0 1 -160.5589 1192.2412 261.5013
transform "Object05" 1 0 0 0 1 0 0 0 1 -206.5899 180.3824 261.5012
transform "Object" 0.9543 0.2987 0.0033 -0.2956 0.9428 0.1541 0.0429 -0.1481 0.988 351.2977 645.9268 291.1765
camera 461.3323 -1057.1787 1142.1753 366.7465 405.2513 1536.2526 0 50

frame 13
transform "Object04" 1 0 0 0 1 0 0 0 1 374.5507 715.011 -311.859
light "Light01" 349.4058 635.5046 -115.0935 0.7059 0.7059 0.7059
transform "02" 1 0 0 0 1 0 0 0 1 348.1265 636.2258 -213.165
transform "Object01" 1 0 0 0 1 0 0 0 1 813.8301 205.5893 261.5015
transform "Object02" 1 0 0 0 1 0 0 0 1 1008.2852 1188.3159 261.5014
transform "Object03" 1 0 0 0 1 0 0 0 1 -160.5589 1192.2412 261.5013
transform "Object05" 1 0 0 0 1 0 0 0 1 -206.5899 180.3824 261.5012
transform "Object" 0.9462 0.3235 0.0064 -0.32 0.9327 0.1664 0.0478 -0.1595 0.986 351.2977 645.9268 291.1765
camera 462.5361 -1054.8778 1121.3596 366.7465 410.6643 1509.8525 0 50

frame 14
transform "Object04" 1 0 0 0 1 0 0 0 1 374.5507 715.011 -311.859
light "Light01" 349.4058 635.5046 -115.0935 0.7059 0.7059 0.7059
transform "02" 1 0 0 0 1 0 0 0 1 348.1265 636.2258 -213.165
transform "Object01" 1 0 0 0 1 0 0 0 1 813.8301 205.5893 261.5015
transform "Object02" 1 0 0 0 1 0 0 0 1 1008.2852 1188.3159 261.5014
transform "Object03" 1 0 0 0 1 0 0 0 1 -160.5589 1192.2412 261.5013
transform "Object05" 1 0 0 0 1 0 0 0 1 -206.5899 180.3824 261.5012
transform "Object" 0.9374 0.3481 0.0099 -0.3441 0.9218 0.1785 0.053 -0.1707 0.9839 351.2977 645.9268 291.1765
camera 463.7232 -1052.5553 1100.6016 366.7465 416.0558 1483.551 0 50

frame 15
transform "Object04" 1 0 0 0 1 0 0 0 1 374.5507 715.011 -311.859
light "Light01" 349.4058 635.5046 -115.0935 0.7059 0.7059 0.7059
transform "02" 1 0 0 0 1 0 0 0 1 348.1265 636.2258 -213.165
transform "Object01" 1 0 0 0 1 0 0 0 1 813.8301 205.5893 261.5015
transform "Object02" 1 0 0 0 1 0 0 0 1 1008.2852 1188.3159 261.5014
transform "Object03" 1 0 0 0 1 0 0 0 1 -160.5589 1192.2412 261.5013
transform "Object05" 1 0 0 0 1 0 0 0 1 -206.5899 180.3824 261.5012
transform "Object" 0.928 0.3724 0.0138 -0.368 0.9101 0.1905 0.0584 -0.1818 0.9816 351.2977 645.9268 291.1765
camera 464.8923 -1050.2094 1079.9055 366.7465 421.4242 1457.3555 0 50

frame 16
transform "Object04" 1 0 0 0 1 0 0 0 1 374.5507 715.011 -311.859
light "Light01" 349.4058 635.5046 -115.0935 0.7059 0.7059 0.7059
transform "02" 1 0 0 0 1 0 0 0 1 348.1265 636.2258 -213.165
transform "Object01" 1 0 0 0 1 0 0 0 1 813.8301 205.5893 261.5015
transform "Object02" 1 0 0 0 1 0 0 0 1 1008.2852 1188.3159 261.5014
transform "Object03" 1 0 0 0 1 0 0 0 1 -160.5589 1192.2412 261.5013
transform "Object05" 1 0 0 0 1 0 0 0 1 -206.5899 180.3824 261.5012
transform "Object" 0.9179 0.3964 0.0179 -0.3916 0.8976 0.2023 0.0641 -0.1927 0.9792 351.2977 645.9268 291.1765
camera 466.0421 -1047.8384 1059.2758 366.7465 426.7677 1431.2733 0 50

frame 17
transform "Object04" 1 0 0 0 1 0 0 0 1 374.5507 715.011 -311.859
light "Light01" 349.4058 635.5046 -115.0935 0.7059 0.7059 0.7059
transform "02" 1 0 0 0 1 0 0 0 1 348.1265 636.2258 -213.165
transform "Object01" 1 0 0 0 1 0 0 0 1 813.8301 205.5893 261.5015
transform "Object02" 1 0 0 0 1 0 0 0 1 1008.2852 1188.3159 261.5014
transform "Object03" 1 0 0 0 1 0 0 0 1 -160.5589 1192.2412 261.5013
transform "Object05" 1 0 0 0 1 0 0 0 1 -206.5899 180.3824 261.5012
transform "Object" 0.9072 0.4202 0.0224 -0.4149 0.8844 0.214 0.0701 -0.2034 0.9766 351.2977 645.9268 291.1765
camera 467.1713 -1045.4407 1038.7169 366.7465 432.0847 1405.3124 0 50

frame 18
transform "Object04" 1 0 0 0 1 0 0 0 1 374.5507 715.011 -311.859
light "Light01" 349.4058 635.5046 -115.0935 0.7059 0.7059 0.7059
transform "02" 1 0 0 0 1 0 0 0 1 348.1265 636.2258 -213.165
transform "Object01" 1 0 0 0 1 0 0 0 1 813.8301 205.5893 261.5015
transform "Object02" 1 0 0 0 1 0 0 0 1 1008.2852 1188.3159 261.5014
transform "Object03" 1 0 0 0 1 0 0 0 1 -160.5589 1192.2412 261.5013
transform "Object05" 1 0 0 0 1 0 0 0 1 -206.5899 180.3824 261.5012
transform "Object" 0.8958 0.4435 0.0272 -0.4378 0.8703 0.2255 0.0763 -0.214 0.9739 351.2977 645.9268 291.1765
camera 468.2787 -1043.0146 1018.2333 366.7465 437.3736 1379.4802 0 50

frame 19
transform "Object04" 1 0 0 0 1 0 0 0 1 374.5507 715.011 -311.859
light "Light01" 349.4058 635.5046 -115.0935 0.7059 0.7059 0.7059
transform "02" 1 0 0 0 1 0 0 0 1 348.1265 636.2258 -213.165
transform "Object01" 1 0 0 0 1 0 0 0 1 813.8301 205.5893 261.5015
transform "Object02" 1 0 0 0 1 0 0 0 1 1008.2852 1188.3159 261.5014
transform "Object03" 1 0 0 0 1 0 0 0 1 -160.5589 1192.2412 261.5013
transform "Object05" 1 0 0 0 1 0 0 0 1 -206.5899 180.3824 261.5012
transform "Object" 0.8839 0.4665 0.0323 -0.4602 0.8556 0.2369 0.0829 -0.2243 0.971 351.2977 645.9268 291.1765
camera 469.3629 -1040.5586 997.8295 366.7465 442.6326 1353.7843 0 50

frame 20
transform "Object04" 1 0 0 0 1 0 0 0 1 374.5507 715.011 -311.859
light "Light01" 349.4058 635.5046 -115.0935 0.7059 0.7059 0.7059
transform "02" 1 0 0 0 1 0 0 0 1 348.1265 636.2258 -213.165
transform "Object01" 1 0 0 0 1 0 0 0 1 813.8301 205.5893 261.5015
transform "Object02" 1 0 0 0 1 0 0 0 1 1008.2852 1188.3159 261.5014
transform "Object03" 1 0 0 0 1 0 0 0 1 -160.5589 1192.2412 261.5013
transform "Object05" 1 0 0 0 1 0 0 0 1 -206.5899 180.3824 261.5012
transform "Object" 0.8714 0.4891 0.0377 -0.4823 0.8402 0.2481 0.0897 -0.2344 0.968 351.2977 645.9268 291.1765
camera 470.4226 -1038.0707 977.5096 366.7465 447.8602 1328.2321 0 50

frame 21
transform "Object04" 1 0 0 0 1 0 0 0 1 374.5507 715.011 -311.859
light "Light01" 349.4058 635.5046 -115.0935 0.7059 0.7059 0.7059
transform "02" 1 0 0 0 1 0 0 0 1 348.1265 636.2258 -213.165
transform "Object01" 1 0 0 0 1 0 0 0 1 813.8301 205.5893 261.5015
transform "Object02" 1 0 0 0 1 0 0 0 1 1008.2852 1188.3159 261.5014
transform "Object03" 1 0 0 0 1 0 0 0 1 -160.5589 1192.2412 261.5013
transform "Object05" 1 0 0 0 1 0 0 0 1 -206.5899 180.3824 261.5012
transform "Object" 0.8584 0.5112 0.0433 -0.5038 0.824 0.2592 0.0968 -0.2443 0.9648 351.2977 645.9268 291.1765
camera 471.4566 -1035.5496 957.2783 366.7465 453.0546 1302.8313 0 50

frame 22
transform "Object04" 1 0 0 0 1 0 0 0 1 374.5507 715.011 -311.859
light "Light01" 349.4058 635.5046 -115.0935 0.7059 0.7059 0.7059
transform "02" 1 0 0 0 1 0 0 0 1 348.1265 636.2258 -213.165
transform "Object01" 1 0 0 0 1 0 0 0 1 813.8301 205.5893 261.5015
transform "Object02" 1 0 0 0 1 0 0 0 1 1008.2852 1188.3159 261.5014
transform "Object03" 1 0 0 0 1 0 0 0 1 -160.5589 1192.2412 261.5013
transform "Object05" 1 0 0 0 1 0 0 0 1 -206.5899 180.3824 261.5012
transform "Object" 0.8448 0.5328 0.0492 -0.5248 0.8072 0.2701 0.1043 -0.254 0.9616 351.2977 645.9268 291.1765
camera 472.4636 -1032.9932 937.14 366.7465 458.2143 1277.5894 0 50

frame 23
transform "Object04" 1 0 0 0 1 0 0 0 1 374.5507 715.011 -311.859
light "Light01" 349.4058 635.5046 -115.0935 0.7059 0.7059 0.7059
transform "02" 1 0 0 0 1 0 0 0 1 348.1265 636.2258 -213.165
transform "Object01" 1 0 0 0 1 0 0 0 1 813.8301 205.5893 261.5015
transform "Object02" 1 0 0 0 1 0 0 0 1 1008.2852 1188.3159 261.5014
transform "Object03" 1 0 0 0 1 0 0 0 1 -160.5589 1192.2412 261.5013
transform "Object05" 1 0 0 0 1 0 0 0 1 -206.5899 180.3824 261.5012
transform "Object" 0.8307 0.554 0.0552 -0.5453 0.7898 0.2809 0.112 -0.2634 0.9582 351.2977 645.9268 291.1765
camera 473.4423 -1030.4003 917.0991 366.7465 463.3375 1252.5142 0 50

frame 24
transform "Object04" 1 0 0 0 1 0 0 0 1 374.5507 715.011 -311.859
light "Light01" 349.4058 635.5046 -115.0935 0.7059 0.7059 0.7059
transform "02" 1 0 0 0 1 0 0 0 1 348.1265 636.2258 -213.165
transform "Object01" 1 0 0 0 1 0 0 0 1 813.8301 205.5893 261.5015
transform "Object02" 1 0 0 0 1 0 0 0 1 1008.2852 1188.3159 261.5014
transform "Object03" 1 0 0 0 1 0 0 0 1 -160.5589 1192.2412 261.5013
transform "Object05" 1 0 0 0 1 0 0 0 1 -206.5899 180.3824 261.5012
transform "Object" 0.8162 0.5746 0.0615 -0.5652 0.7717 0.2915 0.12 -0.2726 0.9546 351.2977 645.9268 291.1765
camera 474.3914 -1027.7688 897.16 366.7465 468.4227 1227.6129 0 50

frame 25
transform "Object04" 1 0 0 0 1 0 0 0 1 374.5507 715.011 -311.859
light "Light01" 349.4058 635.5046 -115.0935 0.7059 0.7059 0.7059
transform "02" 1 0 0 0 1 0 0 0 1 348.1265 636.2258 -213.165
transform "Object01" 1 0 0 0 1 0 0 0 1 813.8301 205.5893 261.5015
transform "Object02" 1 0 0 0 1 0 0 0 1 1008.2852 1188.3159 261.5014
transform "Object03" 1 0 0 0 1 0 0 0 1 -160.5589 1192.2412 261.5013
transform "Object05" 1 0 0 0 1 0 0 0 1 -206.5899 180.3824 261.5012
transform "Object" 0.8011 0.5946 0.0679 -0.5845 0.7531 0.3019 0.1284 -0.2816 0.9509 351.2977 645.9268 291.1765
camera 475.3097 -1025.0973 877.3271 366.7465 473.468 1202.8936 0 50

frame 26
transform "Object04" 1 0 0 0 1 0 0 0 1 374.5507 715.011 -311.859
light "Light01" 349.4058 635.5046 -115.0935 0.7059 0.7059 0.7059
transform "02" 1 0 0 0 1 0 0 0 1 348.1265 636.2258 -213.165
transform "Object01" 1 0 0 0 1 0 0 0 1 813.8301 205.5893 261.5015
transform "Object02" 1 0 0 0 1 0 0 0 1 1008.2852 1188.3159 261.5014
transform "Object03" 1 0 0 0 1 0 0 0 1 -160.5589 1192.2412 261.5013
transform "Object05" 1 0 0 0 1 0 0 0 1 -206.5899 180.3824 261.5012
transform "Object" 0.7857 0.6141 0.0745 -0.6032 0.7339 0.3122 0.1371 -0.2903 0.9471 351.2977 645.9268 291.1765
camera 476.1958 -1022.3842 857.605 366.7465 478.4721 1178.3632 0 50

frame 27
transform "Object04" 1 0 0 0 1 0 0 0 1 374.5507 715.011 -311.859
light "Light01" 349.4058 635.5046 -115.0935 0.7059 0.7059 0.7059
transform "02" 1 0 0 0 1 0 0 0 1 348.1265 636.2258 -213.165
transform "Object01" 1 0 0 0 1 0 0 0 1 813.8301 205.5893 261.5015
transform "Object02" 1 0 0 0 1 0 0 0 1 1008.2852 1188.3159 261.5014
transform "Object03" 1 0 0 0 1 0 0 0 1 -160.5589 1192.2412 261.5013
transform "Object05" 1 0 0 0 1 0 0 0 1 -206.5899 180.3824 261.5012
transform "Object" 0.7699 0.633 0.0812 -0.6212 0.7143 0.3224 0.146 -0.2987 0.9431 351.2977 645.9268 291.1765
camera 477.0484 -1019.6275 837.9979 366.7465 483.433 1154.0297 0 50

frame 28
transform "Object04" 1 0 0 0 1 0 0 0 1 374.5507 715.011 -311.859
light "Light01" 349.4058 635.5046 -115.0935 0.7059 0.7059 0.7059
transform "02" 1 0 0 0 1 0 0 0 1 348.1265 636.2258 -213.165
transform "Object01" 1 0 0 0 1 0 0 0 1 813.8301 205.5893 261.5015
transform "Object02" 1 0 0 0 1 0 0 0 1 1008.2852 1188.3159 261.5014
transform "Object03" 1 0 0 0 1 0 0 0 1 -160.5589 1192.2412 261.5013
transform "Object05" 1 0 0 0 1 0 0 0 1 -206.5899 180.3824 261.5012
transform "Object" 0.7537 0.6512 0.0881 -0.6385 0.6941 0.3324 0.1553 -0.3068 0.939 351.2977 645.9268 291.1765
camera 477.8663 -1016.8258 818.5103 366.7465 488.3492 1129.9006 0 50

frame 29
transform "Object04" 1 0 0 0 1 0 0 0 1 374.5507 715.011 -311.859
light "Light01" 349.4058 635.5046 -115.0935 0.7059 0.7059 0.7059
transform "02" 1 0 0 0 1 0 0 0 1 348.1265 636.2258 -213.165
transform "Object01" 1 0 0 0 1 0 0 0 1 813.8301 205.5893 261.5015
transform "Object02" 1 0 0 0 1 0 0 0 1 1008.2852 1188.3159 261.5014
transform "Object03" 1 0 0 0 1 0 0 0 1 -160.5589 1192.2412 261.5013
transform "Object05" 1 0 0 0 1 0 0 0 1 -206.5899 180.3824 261.5012
transform "Object" 0.7373 0.6689 0.095 -0.6552 0.6735 0.3423 0.1649 -0.3146 0.9348 351.2977 645.9268 291.1765
camera 478.6482 -1013.9774 799.1467 366.7465 493.2191 1105.9835 0 50

frame 30
transform "Object04" 1 0 0 0 1 0 0 0 1 374.5507 715.011 -311.859
light "Light01" 349.4058 635.5046 -115.0935 0.7059 0.7059 0.7059
transform "02" 1 0 0 0 1 0 0 0 1 348.1265 636.2258 -213.165
transform "Object01" 1 0 0 0 1 0 0 0 1 813.8301 205.5893 261.5015
transform "Object02" 1 0 0 0 1 0 0 0 1 1008.2852 1188.3159 261.5014
transform "Object03" 1 0 0 0 1 0 0 0 1 -160.5589 1192.2412 261.5013
transform "Object05" 1 0 0 0 1 0 0 0 1 -206.5899 180.3824 261.5012
transform "Object" 0.7205 0.6859 0.1021 -0.671 0.6525 0.3521 0.1749 -0.3222 0.9304 351.2977 645.9268 291.1765
camera 479.3928 -1011.0806 779.9115 366.7465 498.0409 1082.286 0 50

frame 31
transform "Object04" 1 0 0 0 1 0 0 0 1 374.5507 715.011 -311.859
light "Light01" 349.4058 635.5046 -115.0935 0.7059 0.7059 0.7059
transform "02" 1 0 0 0 1 0 0 0 1 348.1265 636.2258 -213.165
transform "Object01" 1 0 0 0 1 0 0 0 1 813.8301 205.5893 261.5015
transform "Object02" 1 0 0 0 1 0 0 0 1 1008.2852 1188.3159 261.5014
transform "Object03" 1 0 0 0 1 0 0 0 1 -160.5589 1192.2412 261.5013
transform "Object05" 1 0 0 0 1 0 0 0 1 -206.5899 180.3824 261.5012
transform "Object" 0.7035 0.7023 0.1092 -0.6862 0.6311 0.3617 0.1851 -0.3294 0.9259 351.2977 645.9268 291.1765
camera 480.0988 -1008.1336 760.8091 366.7465 502.813 1058.8154 0 50

frame 32
transform "Object04" 1 0 0 0 1 0 0 0 1 374.5507 715.011 -311.859
light "Light01" 349.4058 635.5046 -115.0935 0.7059 0.7059 0.7059
transform "02" 1 0 0 0 1 0 0 0 1 348.1265 636.2258 -213.165
transform "Object01" 1 0 0 0 1 0 0 0 1 813.8301 205.5893 261.5015
transform "Object02" 1 0 0 0 1 0 0 0 1 1008.2852 1188.3159 261.5014
transform "Object03" 1 0 0 0 1 0 0 0 1 -160.5589 1192.2412 261.5013
transform "Object05" 1 0 0 0 1 0 0 0 1 -206.5899 180.3824 261.5012
transform "Object" 0.6863 0.718 0.1164 -0.7006 0.6094 0.3713 0.1956 -0.3364 0.9212 351.2977 645.9268 291.1765
camera 480.7649 -1005.1349 741.8439 366.7465 507.5338 1035.5796 0 50

frame 33
transform "Object04" 1 0 0 0 1 0 0 0 1 374.5507 715.011 -311.859
light "Light01" 349.4058 635.5046 -115.0935 0.7059 0.7059 0.7059
transform "02" 1 0 0 0 1 0 0 0 1 348.1265 636.2258 -213.165
transform "Object01" 1 0 0 0 1 0 0 0 1 813.8301 205.5893 261.5015
transform "Object02" 1 0 0 0 1 0 0 0 1 1008.2852 1188.3159 261.5014
transform "Object03" 1 0 0 0 1 0 0 0 1 -160.5589 1192.2412 261.5013
transform "Object05" 1 0 0 0 1 0 0 0 1 -206.5899 180.3824 261.5012
transform "Object" 0.6689 0.733 0.1237 -0.7141 0.5874 0.3807 0.2064 -0.343 0.9164 351.2977 645.9268 291.1765
camera 481.3899 -1002.0828 723.0204 366.7465 512.2017 1012.5859 0 50

frame 34
transform "Object04" 1 0 0 0 1 0 0 0 1 374.5507 715.011 -311.859
light "Light01" 349.4058 635.5046 -115.0935 0.7059 0.7059 0.7059
transform "02" 1 0 0 0 1 0 0 0 1 348.1265 636.2258 -213.165
transform "Object01" 1 0 0 0 1 0 0 0 1 813.8301 205.5893 261.5015
transform "Object02" 1 0 0 0 1 0 0 0 1 1008.2852 1188.3159 261.5014
transform "Object03" 1 0 0 0 1 0 0 0 1 -160.5589 1192.2412 261.5013
transform "Object05" 1 0 0 0 1 0 0 0 1 -206.5899 180.3824 261.5012
transform "Object" 0.6513 0.7474 0.1309 -0.7269 0.5652 0.3901 0.2175 -0.3492 0.9114 351.2977 645.9268 291.1765
camera 481.9724 -998.9756 704.3429 366.7465 516.8148 989.842 0 50

frame 35
transform "Object04" 1 0 0 0 1 0 0 0 1 374.5507 715.011 -311.859
light "Light01" 349.4058 635.5046 -115.0935 0.7059 0.7059 0.7059
transform "02" 1 0 0 0 1 0 0 0 1 348.1265 636.2258 -213.165
transform "Object01" 1 0 0 0 1 0 0 0 1 813.8301 205.5893 261.5015
transform "Object02" 1 0 0 0 1 0 0 0 1 1008.2852 1188.3159 261.5014
transform "Object03" 1 0 0 0 1 0 0 0 1 -160.5589 1192.2412 261.5013
transform "Object05" 1 0 0 0 1 0 0 0 1 -206.5899 180.3824 261.5012
transform "Object" 0.6337 0.7611 0.1382 -0.7389 0.5427 0.3993 0.2289 -0.3552 0.9063 351.2977 645.9268 291.1765
camera 482.5112 -995.8116 685.816 366.7465 521.3716 967.3557 0 50

frame 36
transform "Object04" 1 0 0 0 1 0 0 0 1 374.5507 715.011 -311.859
light "Light01" 349.4058 635.5046 -115.0935 0.7059 0.7059 0.7059
transform "02" 1 0 0 0 1 0 0 0 1 348.1265 636.2258 -213.165
transform "Object01" 1 0 0 0 1 0 0 0 1 813.8301 205.5893 261.5015
transform "Object02" 1 0 0 0 1 0 0 0 1 1008.2852 1188.3159 261.5014
transform "Object03" 1 0 0 0 1 0 0 0 1 -160.5589 1192.2412 261.5013
transform "Object05" 1 0 0 0 1 0 0 0 1 -206.5899 180.3824 261.5012
transform "Object" 0.616 0.7742 0.1455 -0.7501 0.5201 0.4085 0.2406 -0.3608 0.9011 351.2977 645.9268 291.1765
camera 483.0049 -992.5892 667.444 366.7465 525.8705 945.134 0 50

frame 37
transform "Object04" 1 0 0 0 1 0 0 0 1 374.5507 715.011 -311.859
light "Light01" 349.4058 635.5046 -115.0935 0.7059 0.7059 0.7059
transform "02" 1 0 0 0 1 0 0 0 1 348.1265 636.2258 -213.165
transform "Object01" 1 0 0 0 1 0 0 0 1 813.8301 205.5893 261.5015
transform "Object02" 1 0 0 0 1 0 0 0 1 1008.2852 1188.3159 261.5014
transform "Object03" 1 0 0 0 1 0 0 0 1 -160.5589 1192.2412 261.5013
transform "Object05" 1 0 0 0 1 0 0 0 1 -206.5899 180.3824 261.5012
transform "Object" 0.5983 0.7866 0.1527 -0.7604 0.4973 0.4177 0.2526 -0.366 0.8957 351.2977 645.9268 291.1765
camera 483.4523 -989.3067 649.2314 366.7465 530.3098 923.1851 0 50

frame 38
transform "Object04" 1 0 0 0 1 0 0 0 1 374.5507 715.011 -311.859
light "Light01" 349.4058 635.5046 -115.0935 0.7059 0.7059 0.7059
transform "02" 1 0 0 0 1 0 0 0 1 348.1265 636.2258 -213.165
transform "Object01" 1 0 0 0 1 0 0 0 1 813.8301 205.5893 261.5015
transform "Object02" 1 0 0 0 1 0 0 0 1 1008.2852 1188.3159 261.5014
transform "Object03" 1 0 0 0 1 0 0 0 1 -160.5589 1192.2412 261.5013
transform "Object05" 1 0 0 0 1 0 0 0 1 -206.5899 180.3824 261.5012
transform "Object" 0.5806 0.7983 0.1599 -0.7699 0.4744 0.4268 0.2649 -0.3709 0.8901 351.2977 645.9268 291.1765
camera 483.8522 -985.9624 631.1826 366.7465 534.6878 901.5161 0 50

frame 39
transform "Object04" 1 0 0 0 1 0 0 0 1 374.5507 715.011 -311.859
light "Light01" 349.4058 635.5046 -115.0935 0.7059 0.7059 0.7059
transform "02" 1 0 0 0 1 0 0 0 1 348.1265 636.2258 -213.165
transform "Object01" 1 0 0 0 1 0 0 0 1 813.8301 205.5893 261.5015
transform "Object02" 1 0 0 0 1 0 0 0 1 1008.2852 1188.3159 261.5014
transform "Object03" 1 0 0 0 1 0 0 0 1 -160.5589 1192.2412 261.5013
transform "Object05" 1 0 0 0 1 0 0 0 1 -206.5899 180.3824 261.5012
transform "Object" 0.563 0.8094 0.1671 -0.7786 0.4515 0.4359 0.2774 -0.3755 0.8844 351.2977 645.9268 291.1765
camera 484.2032 -982.5547 613.3019 366.7465 539.0028 880.1348 0 50

frame 40
transform "Object04" 1 0 0 0 1 0 0 0 1 374.5507 715.011 -311.859
light "Light01" 349.4058 635.5046 -115.0935 0.7059 0.7059 0.7059
transform "02" 1 0 0 0 1 0 0 0 1 348.1265 636.2258 -213.165
transform "Object01" 1 0 0 0 1 0 0 0 1 813.8301 205.5893 261.5015
transform "Object02" 1 0 0 0 1 0 0 0 1 1008.2852 1188.3159 261.5014
transform "Object03" 1 0 0 0 1 0 0 0 1 -160.5589 1192.2412 261.5013
transform "Object05" 1 0 0 0 1 0 0 0 1 -206.5899 180.3824 261.5012
transform "Object" 0.5454 0.8199 0.1742 -0.7864 0.4286 0.4449 0.2901 -0.3796 0.8785 351.2977 645.9268 291.1765
camera 484.5039 -979.0818 595.5939 366.7465 543.2533 859.0486 0 50

frame 41
transform "Object04" 1 0 0 0 1 0 0 0 1 374.5507 715.011 -311.859
light "Light01" 349.4058 635.5046 -115.0935 0.7059 0.7059 0.7059
transform "02" 1 0 0 0 1 0 0 0 1 348.1265 636.2258 -213.165
transform "Object01" 1 0 0 0 1 0 0 0 1 813.8301 205.5893 261.5015
transform "Object02" 1 0 0 0 1 0 0 0 1 1008.2852 1188.3159 261.5014
transform "Object03" 1 0 0 0 1 0 0 0 1 -160.5589 1192.2412 261.5013
transform "Object05" 1 0 0 0 1 0 0 0 1 -206.5899 180.3824 261.5012
transform "Object" 0.528 0.8297 0.1812 -0.7933 0.4056 0.454 0.3032 -0.3835 0.8724 351.2977 645.9268 291.1765
camera 484.7533 -975.5423 578.0631 366.7465 547.4375 838.2654 0 50

frame 42
transform "Object04" 1 0 0 0 1 0 0 0 1 374.5507 715.011 -311.859
light "Light01" 349.4058 635.5046 -115.0935 0.7059 0.7059 0.7059
transform "02" 1 0 0 0 1 0 0 0 1 348.1265 636.2258 -213.165
transform "Object01" 1 0 0 0 1 0 0 0 1 813.8301 205.5893 261.5015
transform "Object02" 1 0 0 0 1 0 0 0 1 1008.2852 1188.3159 261.5014
transform "Object03" 1 0 0 0 1 0 0 0 1 -160.5589 1192.2412 261.5013
transform "Object05" 1 0 0 0 1 0 0 0 1 -206.5899 180.3824 261.5012
transform "Object" 0.5107 0.8389 0.1882 -0.7994 0.3828 0.463 0.3164 -0.3869 0.8661 351.2977 645.9268 291.1765
camera 484.9499 -971.9342 560.7137 366.7465 551.5538 817.7924 0 50

frame 43
transform "Object04" 1 0 0 0 1 0 0 0 1 374.5507 715.011 -311.859
light "Light01" 349.4058 635.5046 -115.0935 0.7059 0.7059 0.7059
transform "02" 1 0 0 0 1 0 0 0 1 348.1265 636.2258 -213.165
transform "Object01" 1 0 0 0 1 0 0 0 1 813.8301 205.5893 261.5015
transform "Object02" 1 0 0 0 1 0 0 0 1 1008.2852 1188.3159 261.5014
transform "Object03" 1 0 0 0 1 0 0 0 1 -160.5589 1192.2412 261.5013
transform "Object05" 1 0 0 0 1 0 0 0 1 -206.5899 180.3824 261.5012
transform "Object" 0.4936 0.8475 0.195 -0.8047 0.36 0.4721 0.3299 -0.39 0.8597 351.2977 645.9268 291.1765
camera 485.0925 -968.256 543.5503 366.7465 555.6006 797.6375 0 50

frame 44
transform "Object04" 1 0 0 0 1 0 0 0 1 374.5507 715.011 -311.859
light "Light01" 349.4058 635.5046 -115.0935 0.7059 0.7059 0.7059
transform "02" 1 0 0 0 1 0 0 0 1 348.1265 636.2258 -213.165
transform "Object01" 1 0 0 0 1 0 0 0 1 813.8301 205.5893 261.5015
transform "Object02" 1 0 0 0 1 0 0 0 1 1008.2852 1188.3159 261.5014
transform "Object03" 1 0 0 0 1 0 0 0 1 -160.5589 1192.2412 261.5013
transform "Object05" 1 0 0 0 1 0 0 0 1 -206.5899 180.3824 261.5012
transform "Object" 0.4768 0.8556 0.2018 -0.8091 0.3374 0.4812 0.3436 -0.3926 0.8531 351.2977 645.9268 291.1765
camera 485.1797 -964.506 526.5771 366.7465 559.5762 777.8078 0 50

frame 45
transform "Object04" 1 0 0 0 1 0 0 0 1 374.5507 715.011 -311.859
light "Light01" 349.4058 635.5046 -115.0935 0.7059 0.7059 0.7059
transform "02" 1 0 0 0 1 0 0 0 1 348.1265 636.2258 -213.165
transform "Object01" 1 0 0 0 1 0 0 0 1 813.8301 205.5893 261.5015
transform "Object02" 1 0 0 0 1 0 0 0 1 1008.2852 1188.3159 261.5014
transform "Object03" 1 0 0 0 1 0 0 0 1 -160.5589 1192.2412 261.5013
transform "Object05" 1 0 0 0 1 0 0 0 1 -206.5899 180.3824 261.5012
transform "Object" 0.4602 0.863 0.2084 -0.8126 0.3149 0.4903 0.3575 -0.395 0.8463 351.2977 645.9268 291.1765
camera 485.2104 -960.6827 509.7989 366.7465 563.4789 758.3114 0 50

frame 46
transform "Object04" 1 0 0 0 1 0 0 0 1 374.5507 715.011 -311.859
light "Light01" 349.4058 635.5046 -115.0935 0.7059 0.7059 0.7059
transform "02" 1 0 0 0 1 0 0 0 1 348.1265 636.2258 -213.165
transform "Object01" 1 0 0 0 1 0 0 0 1 813.8301 205.5893 261.5015
transform "Object02" 1 0 0 0 1 0 0 0 1 1008.2852 1188.3159 261.5014
transform "Object03" 1 0 0 0 1 0 0 0 1 -160.5589 1192.2412 261.5013
transform "Object05" 1 0 0 0 1 0 0 0 1 -206.5899 180.3824 261.5012
transform "Object" 0.4439 0.8699 0.2148 -0.8154 0.2927 0.4995 0.3717 -0.3969 0.8393 351.2977 645.9268 291.1765
camera 485.1831 -956.7841 493.2197 366.7465 567.307 739.1555 0 50

frame 47
transform "Object04" 1 0 0 0 1 0 0 0 1 374.5507 715.011 -311.859
light "Light01" 349.4058 635.5046 -115.0935 0.7059 0.7059 0.7059
transform "02" 1 0 0 0 1 0 0 0 1 348.1265 636.2258 -213.165
transform "Object01" 1 0 0 0 1 0 0 0 1 813.8301 205.5893 261.5015
transform "Object02" 1 0 0 0 1 0 0 0 1 1008.2852 1188.3159 261.5014
transform "Object03" 1 0 0 0 1 0 0 0 1 -160.5589 1192.2412 261.5013
transform "Object05" 1 0 0 0 1 0 0 0 1 -206.5899 180.3824 261.5012
transform "Object" 0.4279 0.8763 0.2211 -0.8172 0.2707 0.5087 0.386 -0.3984 0.832 351.2977 645.9268 291.1765
camera 485.0967 -952.8088 476.8443 366.7465 571.059 720.348 0 50

frame 48
transform "Object04" 1 0 0 0 1 0 0 0 1 374.5507 715.011 -311.859
light "Light01" 349.4058 635.5046 -115.0935 0.7059 0.7059 0.7059
transform "02" 1 0 0 0 1 0 0 0 1 348.1265 636.2258 -213.165
transform "Object01" 1 0 0 0 1 0 0 0 1 813.8301 205.5893 261.5015
transform "Object02" 1 0 0 0 1 0 0 0 1 1008.2852 1188.3159 261.5014
transform "Object03" 1 0 0 0 1 0 0 0 1 -160.5589 1192.2412 261.5013
transform "Object05" 1 0 0 0 1 0 0 0 1 -206.5899 180.3824 261.5012
transform "Object" 0.4124 0.8822 0.2273 -0.8183 0.249 0.5181 0.4004 -0.3996 0.8246 351.2977 645.9268 291.1765
camera 484.9499 -948.7549 460.6768 366.7465 574.7332 701.896 0 50

frame 49
transform "Object04" 1 0 0 0 1 0 0 0 1 374.5507 715.011 -311.859
light "Light01" 349.4058 635.5046 -115.0935 0.7059 0.7059 0.7059
transform "02" 1 0 0 0 1 0 0 0 1 348.1265 636.2258 -213.165
transform "Object01" 1 0 0 0 1 0 0 0 1 813.8301 205.5893 261.5015
transform "Object02" 1 0 0 0 1 0 0 0 1 1008.2852 1188.3159 261.5014
transform "Object03" 1 0 0 0 1 0 0 0 1 -160.5589 1192.2412 261.5013
transform "Object05" 1 0 0 0 1 0 0 0 1 -206.5899 180.3824 261.5012
transform "Object" 0.3972 0.8876 0.2333 -0.8185 0.2276 0.5275 0.4151 -0.4004 0.8169 351.2977 645.9268 291.1765
camera 484.7413 -944.621 444.7219 366.7465 578.3278 683.8075 0 50

frame 50
transform "Object04" 1 0 0 0 1 0 0 0 1 374.5507 715.011 -311.859
light "Light01" 349.4058 635.5046 -115.0935 0.7059 0.7059 0.7059
transform "02" 1 0 0 0 1 0 0 0 1 348.1265 636.2258 -213.165
transform "Object01" 1 0 0 0 1 0 0 0 1 813.8301 205.5893 261.5015
transform "Object02" 1 0 0 0 1 0 0 0 1 1008.2852 1188.3159 261.5014
transform "Object03" 1 0 0 0 1 0 0 0 1 -160.5589 1192.2412 261.5013
transform "Object05" 1 0 0 0 1 0 0 0 1 -206.5899 180.3824 261.5012
transform "Object" 0.3824 0.8925 0.2391 -0.8179 0.2066 0.537 0.4299 -0.4009 0.809 351.2977 645.9268 291.1765
camera 484.4696 -940.4052 428.9839 366.7465 581.8412 666.0899 0 50

frame 51
transform "Object04" 1 0 0 0 1 0 0 0 1 374.5507 715.011 -311.859
light "Light01" 349.4058 635.5046 -115.0935 0.7059 0.7059 0.7059
transform "02" 1 0 0 0 1 0 0 0 1 348.1265 636.2258 -213.165
transform "Object01" 1 0 0 0 1 0 0 0 1 813.8301 205.5893 261.5015
transform "Object02" 1 0 0 0 1 0 0 0 1 1008.2852 1188.3159 261.5014
transform "Object03" 1 0 0 0 1 0 0 0 1 -160.5589 1192.2412 261.5013
transform "Object05" 1 0 0 0 1 0 0 0 1 -206.5899 180.3824 261.5012
transform "Object" 0.3681 0.8971 0.2444 -0.8165 0.1861 0.5465 0.4448 -0.4007 0.801 351.2977 645.9268 291.1765
camera 484.1337 -936.106 413.4673 366.7465 585.2719 648.7507 0 50

frame 52
transform "Object04" 1 0 0 0 1 0 0 0 1 374.5507 715.011 -311.859
light "Light01" 349.4058 635.5046 -115.0935 0.7059 0.7059 0.7059
transform "02" 1 0 0 0 1 0 0 0 1 348.1265 636.2258 -213.165
transform "Object01" 1 0 0 0 1 0 0 0 1 813.8301 205.5893 261.5015
transform "Object02" 1 0 0 0 1 0 0 0 1 1008.2852 1188.3159 261.5014
transform "Object03" 1 0 0 0 1 0 0 0 1 -160.5589 1192.2412 261.5013
transform "Object05" 1 0 0 0 1 0 0 0 1 -206.5899 180.3824 261.5012
transform "Object" 0.3542 0.9014 0.2492 -0.8143 0.1663 0.5561 0.4599 -0.3999 0.7929 351.2977 645.9268 291.1765
camera 483.7321 -931.7216 398.1763 366.7465 588.6182 631.7977 0 50

frame 53
transform "Object04" 1 0 0 0 1 0 0 0 1 374.5507 715.011 -311.859
light "Light01" 349.4058 635.5046 -115.0935 0.7059 0.7059 0.7059
transform "02" 1 0 0 0 1 0 0 0 1 348.1265 636.2258 -213.165
transform "Object01" 1 0 0 0 1 0 0 0 1 813.8301 205.5893 261.5015
transform "Object02" 1 0 0 0 1 0 0 0 1 1008.2852 1188.3159 261.5014
transform "Object03" 1 0 0 0 1 0 0 0 1 -160.5589 1192.2412 261.5013
transform "Object05" 1 0 0 0 1 0 0 0 1 -206.5899 180.3824 261.5012
transform "Object" 0.3408 0.9054 0.2533 -0.8113 0.1471 0.5658 0.475 -0.3983 0.7847 351.2977 645.9268 291.1765
camera 483.2637 -927.2504 383.1157 366.7465 591.8783 615.2382 0 50

frame 54
transform "Object04" 1 0 0 0 1 0 0 0 1 374.5507 715.011 -311.859
light "Light01" 349.4058 635.5046 -115.0935 0.7059 0.7059 0.7059
transform "02" 1 0 0 0 1 0 0 0 1 348.1265 636.2258 -213.165
transform "Object01" 1 0 0 0 1 0 0 0 1 813.8301 205.5893 261.5015
transform "Object02" 1 0 0 0 1 0 0 0 1 1008.2852 1188.3159 261.5014
transform "Object03" 1 0 0 0 1 0 0 0 1 -160.5589 1192.2412 261.5013
transform "Object05" 1 0 0 0 1 0 0 0 1 -206.5899 180.3824 261.5012
transform "Object" 0.3279 0.9091 0.2568 -0.8076 0.1287 0.5755 0.4902 -0.3961 0.7764 351.2977 645.9268 291.1765
camera 482.7271 -922.6908 368.2896 366.7465 595.0507 599.08 0 50

frame 55
transform "Object04" 1 0 0 0 1 0 0 0 1 374.5507 715.011 -311.859
light "Light01" 349.4058 635.5046 -115.0935 0.7059 0.7059 0.7059
transform "02" 1 0 0 0 1 0 0 0 1 348.1265 636.2258 -213.165
transform "Object01" 1 0 0 0 1 0 0 0 1 813.8301 205.5893 261.5015
transform "Object02" 1 0 0 0 1 0 0 0 1 1008.2852 1188.3159 261.5014
transform "Object03" 1 0 0 0 1 0 0 0 1 -160.5589 1192.2412 261.5013
transform "Object05" 1 0 0 0 1 0 0 0 1 -206.5899 180.3824 261.5012
transform "Object" 0.3154 0.9127 0.2599 -0.8032 0.1109 0.5853 0.5054 -0.3933 0.768 351.2977 645.9268 291.1765
camera 482.121 -918.041 353.7026 366.7465 598.1335 583.3304 0 50

frame 56
transform "Object04" 1 0 0 0 1 0 0 0 1 374.5507 715.011 -311.859
light "Light01" 349.4058 635.5046 -115.0935 0.7059 0.7059 0.7059
transform "02" 1 0 0 0 1 0 0 0 1 348.1265 636.2258 -213.165
transform "Object01" 1 0 0 0 1 0 0 0 1 813.8301 205.5893 261.5015
transform "Object02" 1 0 0 0 1 0 0 0 1 1008.2852 1188.3159 261.5014
transform "Object03" 1 0 0 0 1 0 0 0 1 -160.5589 1192.2412 261.5013
transform "Object05" 1 0 0 0 1 0 0 0 1 -206.5899 180.3824 261.5012
transform "Object" 0.3033 0.9161 0.2624 -0.7981 0.0937 0.5952 0.5206 -0.3899 0.7595 351.2977 645.9268 291.1765
camera 481.4441 -913.2993 339.359 366.7465 601.1254 567.9973 0 50

frame 57
transform "Object04" 1 0 0 0 1 0 0 0 1 374.5507 715.011 -311.859
light "Light01" 349.4058 635.5046 -115.0935 0.7059 0.7059 0.7059
transform "02" 1 0 0 0 1 0 0 0 1 348.1265 636.2258 -213.165
transform "Object01" 1 0 0 0 1 0 0 0 1 813.8301 205.5893 261.5015
transform "Object02" 1 0 0 0 1 0 0 0 1 1008.2852 1188.3159 261.5014
transform "Object03" 1 0 0 0 1 0 0 0 1 -160.5589 1192.2412 261.5013
transform "Object05" 1 0 0 0 1 0 0 0 1 -206.5899 180.3824 261.5012
transform "Object" 0.2916 0.9193 0.2644 -0.7923 0.0772 0.6052 0.5359 -0.386 0.7509 351.2977 645.9268 291.1765
camera 480.6953 -908.4642 325.2634 366.7465 604.0244 553.088 0 50

frame 58
transform "Object04" 1 0 0 0 1 0 0 0 1 374.5507 715.011 -311.859
light "Light01" 349.4058 635.5046 -115.0935 0.7059 0.7059 0.7059
transform "02" 1 0 0 0 1 0 0 0 1 348.1265 636.2258 -213.165
transform "Object01" 1 0 0 0 1 0 0 0 1 813.8301 205.5893 261.5015
transform "Object02" 1 0 0 0 1 0 0 0 1 1008.2852 1188.3159 261.5014
transform "Object03" 1 0 0 0 1 0 0 0 1 -160.5589 1192.2412 261.5013
transform "Object05" 1 0 0 0 1 0 0 0 1 -206.5899 180.3824 261.5012
transform "Object" 0.2802 0.9223 0.2661 -0.786 0.0613 0.6152 0.5511 -0.3815 0.7421 351.2977 645.9268 291.1765
camera 479.873 -903.5338 311.42 366.7465 606.8291 538.6101 0 50

frame 59
transform "Object04" 1 0 0 0 1 0 0 0 1 374.5507 715.011 -311.859
light "Light01" 349.4058 635.5046 -115.0935 0.7059 0.7059 0.7059
transform "02" 1 0 0 0 1 0 0 0 1 348.1265 636.2258 -213.165
transform "Object01" 1 0 0 0 1 0 0 0 1 813.8301 205.5893 261.5015
transform "Object02" 1 0 0 0 1 0 0 0 1 1008.2852 1188.3159 261.5014
transform "Object03" 1 0 0 0 1 0 0 0 1 -160.5589 1192.2412 261.5013
transform "Object05" 1 0 0 0 1 0 0 0 1 -206.5899 180.3824 261.5012
transform "Object" 0.2692 0.9252 0.2673 -0.779 0.046 0.6253 0.5663 -0.3766 0.7331 351.2977 645.9268 291.1765
camera 478.9762 -898.5067 297.8335 366.7465 609.5377 524.5714 0 50

frame 60
transform "Object04" 1 0 0 0 1 0 0 0 1 374.5507 715.011 -311.859
light "Light01" 349.4058 635.5046 -115.0935 0.7059 0.7059 0.7059
transform "02" 1 0 0 0 1 0 0 0 1 348.1265 636.2258 -213.165
transform "Object01" 1 0 0 0 1 0 0 0 1 813.8301 205.5893 261.5015
transform "Object02" 1 0 0 0 1 0 0 0 1 1008.2852 1188.3159 261.5014
transform "Object03" 1 0 0 0 1 0 0 0 1 -160.5589 1192.2412 261.5013
transform "Object05" 1 0 0 0 1 0 0 0 1 -206.5899 180.3824 261.5012
